1747835772876 0.9240846037864685 1
1747835793077 0.8062034845352173 1
1747835853513 0.9254633188247681 2
1747835931304 0.9133355617523193 3
1747836009145 0.9219264388084412 4
1747836101848 0.9171362519264221 5
1747836183605 0.9272083640098572 6
1747836264414 0.934302806854248 7
1747836345812 0.9358447790145874 8
1747836417777 0.940812885761261 9
1747836503376 0.9402471780776978 10
1747836585732 0.9393942356109619 11
1747836656994 0.9371286630630493 12
1747836746949 0.9433152675628662 13
1747836825330 0.9419582486152649 14
1747836908592 0.941120982170105 15
1747836989796 0.9401893615722656 16
1747837068438 0.9337402582168579 17
1747837144188 0.9300984144210815 18
1747837229157 0.9415918588638306 19
1747837316236 0.9394081830978394 20
1747837404772 0.9322065114974976 21
1747837485061 0.9375824332237244 22
1747837571502 0.9389892220497131 23
1747837643912 0.9432793259620667 24
1747837724702 0.9497854709625244 25
1747837810448 0.9422290921211243 26
1747837891252 0.9417257905006409 27
1747837968109 0.9419943690299988 28
1747838048073 0.9431056976318359 29
1747838121662 0.9431437849998474 30
1747838205728 0.9461124539375305 31
1747838288761 0.9455152750015259 32
1747838365455 0.9477587342262268 33
1747838448942 0.9383559823036194 34
1747838521222 0.9439716935157776 35
1747838589515 0.9446764588356018 36
1747838673504 0.9503617286682129 37
1747838751947 0.934843122959137 38
1747838821601 0.9423645734786987 39
1747838898620 0.9468284845352173 40
1747838972860 0.9477306604385376 41
1747839055091 0.9520940184593201 42
1747839133835 0.9408861398696899 43
1747839214119 0.9482852816581726 44
1747839293598 0.9510141611099243 45
1747839367778 0.9420062899589539 46
1747839440759 0.9344021081924438 47
1747839514848 0.9415485262870789 48
1747839587412 0.9399429559707642 49
1747839655479 0.9443312883377075 50
