1747835715683 0.12572380900382996 1
1747835716049 0.1421705186367035 2
1747835718102 0.20050476491451263 3
1747835718472 0.1516990065574646 4
1747835721251 0.24825748801231384 5
1747835721627 0.2695043683052063 6
1747835723897 0.14276784658432007 7
1747835724279 0.20541928708553314 8
1747835724661 0.1503615379333496 9
1747835725200 0.15441443026065826 10
1747835725930 0.14347442984580994 11
1747835726626 0.1910635530948639 12
1747835727452 0.21934770047664642 13
1747835730910 0.1768275797367096 14
1747835731289 0.10695371776819229 15
1747835731666 0.20011934638023376 16
1747835734502 0.1542508751153946 17
1747835734865 0.22735010087490082 18
1747835737483 0.18434959650039673 19
1747835737859 0.128524512052536 20
1747835738255 0.36438173055648804 21
1747835738776 0.280831515789032 22
1747835741814 0.1340210735797882 23
1747835742193 0.20058174431324005 24
1747835742585 0.12573814392089844 25
1747835743093 0.13394927978515625 26
1747835746508 0.1252807080745697 27
1747835746875 0.1755525916814804 28
1747835747244 0.31136760115623474 29
1747835749713 0.12812937796115875 30
1747835751660 0.14444029331207275 31
1747835753464 0.2078612595796585 32
1747835753838 0.1430751085281372 33
1747835756075 0.14225617051124573 34
1747835758069 0.265228807926178 35
1747835758446 0.22900500893592834 36
1747835760560 0.1405397206544876 37
1747835762447 0.3051092028617859 38
1747835762813 0.1325327455997467 39
1747835765408 0.1370932161808014 40
1747835765781 0.13817283511161804 41
1747835766153 0.3074222803115845 42
1747835768820 0.2562686502933502 43
1747835770937 0.2011149823665619 44
1747835772440 0.17142300307750702 45
1747835772790 0.1485428661108017 46
1747835794491 0.10914861410856247 47
1747835795210 0.20090121030807495 48
1747835796042 0.110578253865242 49
1747835799293 0.1132035106420517 50
1747835799678 0.13738714158535004 51
1747835802271 0.14386394619941711 52
1747835802642 0.18348507583141327 53
1747835805170 0.10773773491382599 54
1747835807087 0.1464727222919464 55
1747835809450 0.18876534700393677 56
1747835809838 0.19327208399772644 57
1747835811972 0.2775905430316925 58
1747835813856 0.21947121620178223 59
1747835815833 0.13574866950511932 60
1747835817956 0.12123605608940125 61
1747835818333 0.12226444482803345 62
1747835818717 0.17934802174568176 63
1747835819088 0.1456080675125122 64
1747835819813 0.24589963257312775 65
1747835820533 0.13470345735549927 66
1747835821218 0.1681380420923233 67
1747835822082 0.2270994931459427 68
1747835822771 0.21404004096984863 69
1747835826019 0.11562033742666245 70
1747835827961 0.12740914523601532 71
1747835828335 0.22607868909835815 72
1747835830511 0.12374962121248245 73
1747835832609 0.27205121517181396 74
1747835832982 0.2090681493282318 75
1747835833361 0.16127201914787292 76
1747835836244 0.16170141100883484 77
1747835836621 0.12663781642913818 78
1747835837012 0.1652834117412567 79
1747835839641 0.1756865531206131 80
1747835841612 0.29077160358428955 81
1747835843623 0.14149396121501923 82
1747835843992 0.26005688309669495 83
1747835846041 0.22334814071655273 84
1747835847841 0.1984814703464508 85
1747835848205 0.171999990940094 86
1747835848591 0.13316509127616882 87
1747835849091 0.12715333700180054 88
1747835852231 0.28171682357788086 89
1747835852596 0.49408388137817383 90
1747835852965 0.19813460111618042 91
1747835853506 0.16407674551010132 92
1747835877287 0.15056255459785461 93
1747835879101 0.13299594819545746 94
1747835881050 0.14690262079238892 95
1747835882978 0.4461383819580078 96
1747835883346 0.18827369809150696 97
1747835883719 0.2140011191368103 98
1747835884302 0.183858722448349 99
1747835887658 0.15923085808753967 100
1747835889591 0.11293447017669678 101
1747835891378 0.16298699378967285 102
1747835891742 0.12587928771972656 103
1747835894247 0.1596967577934265 104
1747835894638 0.2819516658782959 105
1747835896772 0.11719028651714325 106
1747835897142 0.1675967574119568 107
1747835899420 0.13885033130645752 108
1747835899795 0.14364901185035706 109
1747835900177 0.12335062026977539 110
1747835903047 0.12874989211559296 111
1747835903422 0.11475758254528046 112
1747835905986 0.565097987651825 113
1747835906371 0.1256760060787201 114
1747835908847 0.20644758641719818 115
1747835909236 0.11764631420373917 116
1747835909605 0.18583360314369202 117
1747835910166 0.10530432313680649 118
1747835911070 0.11877962946891785 119
1747835911761 0.20437121391296387 120
1747835912469 0.1332542896270752 121
1747835915599 0.15206919610500336 122
1747835915989 0.13565008342266083 123
1747835916388 0.18589231371879578 124
1747835916818 0.1977393627166748 125
1747835917735 0.21227191388607025 126
1747835921043 0.5735735297203064 127
1747835921423 0.15496820211410522 128
1747835923654 0.14646542072296143 129
1747835924036 0.10957976430654526 130
1747835924421 0.32066771388053894 131
1747835925015 0.20650792121887207 132
1747835925944 0.19694776833057404 133
1747835926877 0.15269359946250916 134
1747835929981 0.32407623529434204 135
1747835930353 0.37092241644859314 136
1747835930737 0.22503656148910522 137
1747835931298 0.1541876345872879 138
1747835952973 0.14864091575145721 139
1747835956001 0.21008026599884033 140
1747835956383 0.14992818236351013 141
1747835956758 0.16849595308303833 142
1747835957315 0.14990824460983276 143
1747835958110 0.14208924770355225 144
1747835960958 0.15715950727462769 145
1747835962855 0.14501260221004486 146
1747835964933 0.15488767623901367 147
1747835965333 0.2749209702014923 148
1747835965703 0.11116731911897659 149
1747835966123 0.17368029057979584 150
1747835966835 0.12892776727676392 151
1747835967629 0.25936415791511536 152
1747835968530 0.3298453688621521 153
1747835969284 0.32951000332832336 154
1747835970209 0.13477204740047455 155
1747835973551 0.16405357420444489 156
1747835973952 0.10845223069190979 157
1747835974329 0.14156293869018555 158
1747835974726 0.14816728234291077 159
1747835977463 0.17752596735954285 160
1747835977845 0.32882219552993774 161
1747835978224 0.13506178557872772 162
1747835978787 0.5280873775482178 163
1747835979497 0.12007492780685425 164
1747835982690 0.1700824648141861 165
1747835984865 0.13005030155181885 166
1747835987013 0.14947089552879333 167
1747835987387 0.13854056596755981 168
1747835990023 0.12518727779388428 169
1747835990396 0.17985433340072632 170
1747835990803 0.1541329026222229 171
1747835991175 0.3243916928768158 172
1747835993914 0.16222338378429413 173
1747835996106 0.257225900888443 174
1747835996491 0.13317346572875977 175
1747835998755 0.2746054232120514 176
1747835999151 0.11834073066711426 177
1747836001755 0.1414109468460083 178
1747836003648 0.13883471488952637 179
1747836004038 0.2600259482860565 180
1747836006792 0.15876658260822296 181
1747836007174 0.1720547080039978 182
1747836007556 0.26772597432136536 183
1747836009137 0.12447886914014816 184
1747836033510 0.17468546330928802 185
1747836035396 0.17240895330905914 186
1747836035785 0.1658647656440735 187
1747836037979 0.13563978672027588 188
1747836040393 0.21075844764709473 189
1747836042493 0.2558252215385437 190
1747836044323 0.13709813356399536 191
1747836046425 0.15660685300827026 192
1747836046823 0.10439684242010117 193
1747836047195 0.12475481629371643 194
1747836047610 0.3725089430809021 195
1747836053675 0.12102942168712616 196
1747836054081 0.14247404038906097 197
1747836057283 0.1286465972661972 198
1747836059299 0.15732598304748535 199
1747836059696 0.13657185435295105 200
1747836060096 0.11386331170797348 201
1747836063608 0.13197676837444305 202
1747836064000 0.14106816053390503 203
1747836064386 0.6004294157028198 204
1747836067312 0.10942245274782181 205
1747836069548 0.1696598380804062 206
1747836069936 0.19671174883842468 207
1747836072078 0.12675286829471588 208
1747836072469 0.11518877744674683 209
1747836074605 0.24227017164230347 210
1747836074993 0.29632633924484253 211
1747836077760 0.12036013603210449 212
1747836079754 0.1814737319946289 213
1747836080135 0.10152996331453323 214
1747836082336 0.11995011568069458 215
1747836084211 0.13783344626426697 216
1747836084593 0.6194459795951843 217
1747836084984 0.2048628181219101 218
1747836085402 0.13549365103244781 219
1747836088323 0.2467617392539978 220
1747836088714 0.15291495621204376 221
1747836090871 0.3162350058555603 222
1747836091254 0.13753186166286469 223
1747836091638 0.15663418173789978 224
1747836094431 0.22560176253318787 225
1747836094830 0.2227393090724945 226
1747836097238 0.15228889882564545 227
1747836097627 0.14014588296413422 228
1747836100037 0.15120941400527954 229
1747836101841 0.1658848077058792 230
1747836128577 0.220905601978302 231
1747836128960 0.1321244239807129 232
1747836131266 0.12882883846759796 233
1747836131649 0.39096733927726746 234
1747836132061 0.11813820153474808 235
1747836134779 0.15279041230678558 236
1747836135154 0.12093520164489746 237
1747836135539 0.2697024643421173 238
1747836135936 0.12248100340366364 239
1747836136727 0.13082806766033173 240
1747836139674 0.2136886715888977 241
1747836140063 0.22775313258171082 242
1747836142111 0.1395484060049057 243
1747836142497 0.10099972039461136 244
1747836144657 0.20093882083892822 245
1747836146546 0.15063093602657318 246
1747836146932 0.13616198301315308 247
1747836147332 0.13201746344566345 248
1747836149931 0.14078855514526367 249
1747836150319 0.17166607081890106 250
1747836152948 0.15677258372306824 251
1747836154730 0.11886654794216156 252
1747836156513 0.1082681268453598 253
1747836156910 0.1584589183330536 254
1747836157315 0.15127308666706085 255
1747836157718 0.16735628247261047 256
1747836161151 0.43963342905044556 257
1747836161545 0.2139676809310913 258
1747836161940 0.4000234007835388 259
1747836164565 0.16083651781082153 260
1747836166608 0.1321362406015396 261
1747836168502 0.1911051720380783 262
1747836168889 0.1102224662899971 263
1747836171106 0.11968612670898438 264
1747836171492 0.13521547615528107 265
1747836171907 0.1447848379611969 266
1747836172305 0.2063279002904892 267
1747836173222 0.16042554378509521 268
1747836176750 0.10648274421691895 269
1747836177147 0.10477147996425629 270
1747836177569 0.1842195987701416 271
1747836177943 0.10447432845830917 272
1747836180986 0.11784351617097855 273
1747836182859 0.12047464400529861 274
1747836183227 0.24280929565429688 275
1747836183594 0.1110270619392395 276
1747836208760 0.24108602106571198 277
1747836209135 0.2095986306667328 278
1747836209565 0.2074023187160492 279
1747836209939 0.32296526432037354 280
1747836213161 0.21513983607292175 281
1747836213543 0.1316738873720169 282
1747836215679 0.09681209921836853 283
1747836216074 0.11358380317687988 284
1747836218236 0.1537248194217682 285
1747836218623 0.3145066201686859 286
1747836219022 0.13576574623584747 287
1747836221954 0.1532735526561737 288
1747836223856 0.18397369980812073 289
1747836224244 0.19984418153762817 290
1747836226415 0.13062049448490143 291
1747836226798 0.13253307342529297 292
1747836227233 0.15929587185382843 293
1747836229494 0.11390818655490875 294
1747836229890 0.13718026876449585 295
1747836230278 0.2220911681652069 296
1747836230665 0.17571106553077698 297
1747836233893 0.11138585954904556 298
1747836234276 0.1351989060640335 299
1747836234668 0.13125577569007874 300
1747836235223 0.10304393619298935 301
1747836237874 0.10519972443580627 302
1747836238267 0.10701608657836914 303
1747836238645 0.13220615684986115 304
1747836241734 0.11675383150577545 305
1747836243706 0.12090612947940826 306
1747836245770 0.08987168967723846 307
1747836246151 0.11557166278362274 308
1747836246531 0.1283731907606125 309
1747836249480 0.13554272055625916 310
1747836251431 0.12033072859048843 311
1747836253509 0.20203745365142822 312
1747836253894 0.10286255180835724 313
1747836254289 0.13252520561218262 314
1747836254696 0.10950127243995667 315
1747836257201 0.12263756990432739 316
1747836259288 0.13364528119564056 317
1747836259676 0.13982583582401276 318
1747836261886 0.1930123120546341 319
1747836262277 0.174258291721344 320
1747836264041 0.14378643035888672 321
1747836264406 0.15258312225341797 322
1747836289298 0.10955450683832169 323
1747836291315 0.16621555387973785 324
1747836293187 0.14283782243728638 325
1747836293570 0.2957921624183655 326
1747836293967 0.13119521737098694 327
1747836297006 0.09895870089530945 328
1747836297374 0.0976223424077034 329
1747836297757 0.19377435743808746 330
1747836298151 0.13646335899829865 331
1747836301285 0.15236970782279968 332
1747836303149 0.10550845414400101 333
1747836303527 0.1562911570072174 334
1747836303905 0.11836141347885132 335
1747836306901 0.13963817059993744 336
1747836308649 0.17255328595638275 337
1747836310566 0.09178918600082397 338
1747836312398 0.11000742018222809 339
1747836314575 0.1313689649105072 340
1747836314951 0.1209004819393158 341
1747836317483 0.15095007419586182 342
1747836317866 0.24118776619434357 343
1747836318256 0.1275373101234436 344
1747836320911 0.09986215829849243 345
1747836321308 0.16129077970981598 346
1747836321708 0.17733006179332733 347
1747836322094 0.10338284820318222 348
1747836324978 0.12346819043159485 349
1747836325354 0.13423283398151398 350
1747836325750 0.1684439778327942 351
1747836326229 0.08220651000738144 352
1747836326985 0.15909616649150848 353
1747836327896 0.20338314771652222 354
1747836328697 0.1498425304889679 355
1747836329565 0.3189263343811035 356
1747836332283 0.12723882496356964 357
1747836332674 0.15469342470169067 358
1747836334807 0.18935400247573853 359
1747836336641 0.12160468101501465 360
1747836338727 0.10976392030715942 361
1747836339117 0.17542332410812378 362
1747836341601 0.14998911321163177 363
1747836341978 0.30821484327316284 364
1747836342372 0.13886451721191406 365
1747836345075 0.19648919999599457 366
1747836345433 0.17628756165504456 367
1747836345800 0.16297492384910583 368
1747836370507 0.08565280586481094 369
1747836372576 0.10782153159379959 370
1747836372945 0.1063937246799469 371
1747836373340 0.11594246327877045 372
1747836373727 0.12631098926067352 373
1747836374505 0.10921736061573029 374
1747836375390 0.2620866298675537 375
1747836376305 0.22014647722244263 376
1747836377031 0.12654854357242584 377
1747836377783 0.14057354629039764 378
1747836378644 0.09979179501533508 379
1747836379356 0.1346537321805954 380
1747836380257 0.10068678110837936 381
1747836383066 0.18072402477264404 382
1747836383452 0.21765848994255066 383
1747836383869 0.22330842912197113 384
1747836384245 0.11363117396831512 385
1747836385006 0.14105558395385742 386
1747836385712 0.10333625972270966 387
1747836386651 0.10940434038639069 388
1747836387575 0.2277706414461136 389
1747836388513 0.2100428342819214 390
1747836389408 0.08914933353662491 391
1747836390132 0.22417965531349182 392
1747836392977 0.13522636890411377 393
1747836393370 0.18078231811523438 394
1747836395565 0.13711220026016235 395
1747836397530 0.13285118341445923 396
1747836399497 0.13440829515457153 397
1747836399884 0.11697033792734146 398
1747836400276 0.26896142959594727 399
1747836403246 0.13259366154670715 400
1747836403640 0.20780976116657257 401
1747836405854 0.13407297432422638 402
1747836406239 0.20689749717712402 403
1747836406637 0.1350671947002411 404
1747836407014 0.13748161494731903 405
1747836407730 0.10296964645385742 406
1747836408656 0.15171125531196594 407
1747836409419 0.15629078447818756 408
1747836412278 0.19704823195934296 409
1747836414194 0.1126074343919754 410
1747836414594 0.10836431384086609 411
1747836417020 0.09500987082719803 412
1747836417394 0.2788504660129547 413
1747836417765 0.14091841876506805 414
1747836442383 0.16646435856819153 415
1747836442750 0.18221893906593323 416
1747836445492 0.12577801942825317 417
1747836445894 0.17274320125579834 418
1747836446295 0.09746464341878891 419
1747836446668 0.24074944853782654 420
1747836449667 0.19247521460056305 421
1747836450064 0.10416576266288757 422
1747836452673 0.10120362043380737 423
1747836455205 0.16234633326530457 424
1747836455571 0.17514890432357788 425
1747836457797 0.1859251856803894 426
1747836458184 0.12750445306301117 427
1747836460676 0.19683614373207092 428
1747836462507 0.1504962295293808 429
1747836462901 0.10170512646436691 430
1747836465029 0.1285281777381897 431
1747836465413 0.15915389358997345 432
1747836465788 0.08411348611116409 433
1747836468428 0.1116551011800766 434
1747836470619 0.16273249685764313 435
1747836472784 0.19094502925872803 436
1747836473168 0.10428781062364578 437
1747836473556 0.13480661809444427 438
1747836474137 0.2745802104473114 439
1747836474871 0.11059794574975967 440
1747836475665 0.10060007870197296 441
1747836478418 0.1800154596567154 442
1747836478817 0.10479579865932465 443
1747836479213 0.13507074117660522 444
1747836482273 0.169214129447937 445
1747836484079 0.09691257774829865 446
1747836486278 0.13505885004997253 447
1747836488248 0.1655213087797165 448
1747836490197 0.14145249128341675 449
1747836492008 0.10723210126161575 450
1747836493941 0.12232835590839386 451
1747836494336 0.11332796514034271 452
1747836496874 0.12858633697032928 453
1747836498762 0.14936159551143646 454
1747836499152 0.1307600736618042 455
1747836499527 0.10495073348283768 456
1747836499916 0.12313518673181534 457
1747836500644 0.19809362292289734 458
1747836503007 0.11573859304189682 459
1747836503369 0.1420583426952362 460
1747836527930 0.1250074803829193 461
1747836529742 0.08947942405939102 462
1747836531587 0.11713465303182602 463
1747836533476 0.13251625001430511 464
1747836535514 0.16883932054042816 465
1747836535891 0.19702449440956116 466
1747836536271 0.09637350589036942 467
1747836539431 0.22527658939361572 468
1747836539816 0.11696823686361313 469
1747836540205 0.09876509010791779 470
1747836540619 0.12684926390647888 471
1747836541373 0.08529063314199448 472
1747836542099 0.09331939369440079 473
1747836542845 0.12888062000274658 474
1747836546051 0.10440173000097275 475
1747836546435 0.10909263789653778 476
1747836546828 0.0857817530632019 477
1747836549656 0.1621749997138977 478
1747836550049 0.10198816657066345 479
1747836552587 0.10713523626327515 480
1747836554477 0.14922772347927094 481
1747836554870 0.10721686482429504 482
1747836555263 0.1209736317396164 483
1747836558030 0.2733520269393921 484
1747836558431 0.12330730259418488 485
1747836561242 0.3401350975036621 486
1747836563217 0.10165544599294662 487
1747836563598 0.1067555844783783 488
1747836563994 0.2071644365787506 489
1747836566458 0.17024774849414825 490
1747836568377 0.15893717110157013 491
1747836568767 0.16367997229099274 492
1747836571319 0.14398737251758575 493
1747836573420 0.12210358679294586 494
1747836575628 0.1488797962665558 495
1747836576007 0.1152508333325386 496
1747836576394 0.255702406167984 497
1747836576954 0.1204528659582138 498
1747836577862 0.11150483787059784 499
1747836578607 0.1291491687297821 500
1747836581817 0.12071961164474487 501
1747836583803 0.17403459548950195 502
1747836584191 0.10625281929969788 503
1747836584593 0.10626334697008133 504
1747836584993 0.19373542070388794 505
1747836585724 0.13678690791130066 506
1747836610236 0.16165879368782043 507
1747836612144 0.10652077198028564 508
1747836612532 0.16822397708892822 509
1747836612940 0.12694481015205383 510
1747836613495 0.09627948701381683 511
1747836614268 0.12504182755947113 512
1747836617519 0.12984944880008698 513
1747836617914 0.1216924637556076 514
1747836618305 0.3979223668575287 515
1747836618896 0.14702852070331573 516
1747836619812 0.1681698113679886 517
1747836620704 0.09383797645568848 518
1747836621596 0.20524947345256805 519
1747836622494 0.10925646126270294 520
1747836623216 0.10197854042053223 521
1747836626171 0.12869611382484436 522
1747836626567 0.1767324060201645 523
1747836628627 0.09270630776882172 524
1747836630524 0.11158778518438339 525
1747836630907 0.31241703033447266 526
1747836633013 0.1767091006040573 527
1747836635033 0.13573132455348969 528
1747836635418 0.16406217217445374 529
1747836635825 0.08780352771282196 530
1747836636197 0.1254228800535202 531
1747836639362 0.13505393266677856 532
1747836639758 0.1325569897890091 533
1747836640145 0.17089515924453735 534
1747836640525 0.11936506628990173 535
1747836643433 0.19581088423728943 536
1747836643818 0.20475348830223083 537
1747836645981 0.08349660038948059 538
1747836646369 0.15424534678459167 539
1747836646773 0.11732521653175354 540
1747836647334 0.09787558764219284 541
1747836648091 0.22501042485237122 542
1747836651111 0.16548751294612885 543
1747836651533 0.13907518982887268 544
1747836651911 0.0766192153096199 545
1747836652347 0.1658296138048172 546
1747836653069 0.0946372002363205 547
1747836653773 0.11604148894548416 548
1747836654493 0.08677461743354797 549
1747836655397 0.10661250352859497 550
1747836656117 0.12030325829982758 551
1747836656987 0.16052241623401642 552
1747836681361 0.12547732889652252 553
1747836681750 0.09613345563411713 554
1747836684067 0.13217006623744965 555
1747836685972 0.13882595300674438 556
1747836688019 0.18633809685707092 557
1747836690002 0.08834446966648102 558
1747836690378 0.14636610448360443 559
1747836690762 0.09239763021469116 560
1747836693400 0.16961246728897095 561
1747836695318 0.17691001296043396 562
1747836695697 0.104535311460495 563
1747836696097 0.15819743275642395 564
1747836698903 0.16938474774360657 565
1747836699286 0.09422852098941803 566
1747836699668 0.14113210141658783 567
1747836702254 0.10134163498878479 568
1747836702661 0.19331786036491394 569
1747836705383 0.20291361212730408 570
1747836707667 0.17726460099220276 571
1747836709665 0.11202600598335266 572
1747836710061 0.12444484233856201 573
1747836710447 0.10673896968364716 574
1747836713384 0.11601236462593079 575
1747836715549 0.15886138379573822 576
1747836717717 0.12871263921260834 577
1747836719538 0.11221140623092651 578
1747836719926 0.18229952454566956 579
1747836722548 0.18771378695964813 580
1747836724435 0.12868532538414001 581
1747836726437 0.15205344557762146 582
1747836726816 0.20635315775871277 583
1747836727207 0.08687227964401245 584
1747836727795 0.1238510012626648 585
1747836730753 0.1262020468711853 586
1747836731135 0.14468714594841003 587
1747836731522 0.08983302116394043 588
1747836734378 0.11211393773555756 589
1747836734782 0.10267429053783417 590
1747836737271 0.14592695236206055 591
1747836739183 0.1690608561038971 592
1747836741667 0.11302554607391357 593
1747836743795 0.10301175713539124 594
1747836745765 0.09184542298316956 595
1747836746156 0.09130571782588959 596
1747836746533 0.15358197689056396 597
1747836746942 0.13116419315338135 598
1747836768816 0.139963299036026 599
1747836769588 0.24207733571529388 600
1747836770344 0.18527179956436157 601
1747836773369 0.11224911361932755 602
1747836773766 0.1374400109052658 603
1747836774168 0.17353284358978271 604
1747836774645 0.09637502580881119 605
1747836775364 0.11799680441617966 606
1747836778580 0.1659315526485443 607
1747836780556 0.09608402848243713 608
1747836780945 0.12986136972904205 609
1747836782969 0.10267800092697144 610
1747836785200 0.20788665115833282 611
1747836785577 0.10936436802148819 612
1747836785963 0.08340446650981903 613
1747836786362 0.0935250073671341 614
1747836787248 0.11644504964351654 615
1747836788170 0.09074972569942474 616
1747836791151 0.16099976003170013 617
1747836791548 0.17719995975494385 618
1747836793649 0.1285678744316101 619
1747836794040 0.08739916980266571 620
1747836796371 0.1364315152168274 621
1747836796748 0.09986435621976852 622
1747836798877 0.11093563586473465 623
1747836801005 0.11459210515022278 624
1747836801390 0.11412188410758972 625
1747836801783 0.11701624095439911 626
1747836802155 0.09470276534557343 627
1747836802855 0.08348521590232849 628
1747836803747 0.10490314662456512 629
1747836804626 0.13521990180015564 630
1747836805351 0.10844071954488754 631
1747836806243 0.0927734300494194 632
1747836809572 0.5924326181411743 633
1747836811551 0.15462607145309448 634
1747836811934 0.09066092222929001 635
1747836813874 0.14688827097415924 636
1747836816034 0.3302590250968933 637
1747836817890 0.11959747225046158 638
1747836820020 0.10885251313447952 639
1747836821805 0.1099332794547081 640
1747836822198 0.07522965967655182 641
1747836822581 0.157709538936615 642
1747836824953 0.17973552644252777 643
1747836825322 0.15948277711868286 644
1747836847282 0.11807678639888763 645
1747836848019 0.18413758277893066 646
1747836848830 0.14242291450500488 647
1747836851774 0.1090661808848381 648
1747836852161 0.11137625575065613 649
1747836854547 0.15399490296840668 650
1747836856495 0.11951347440481186 651
1747836856875 0.16096320748329163 652
1747836859328 0.15298950672149658 653
1747836861278 0.10124562680721283 654
1747836861656 0.19115692377090454 655
1747836862046 0.11378495395183563 656
1747836864683 0.11451743543148041 657
1747836866624 0.0881958156824112 658
1747836868448 0.14338363707065582 659
1747836868826 0.16458013653755188 660
1747836869203 0.09845409542322159 661
1747836869738 0.17739152908325195 662
1747836870608 0.12850655615329742 663
1747836871380 0.10545352101325989 664
1747836872239 0.09493661671876907 665
1747836873094 0.08995731174945831 666
1747836875958 0.07879796624183655 667
1747836876358 0.1035226434469223 668
1747836876756 0.43964290618896484 669
1747836877150 0.0858847051858902 670
1747836880518 0.21685642004013062 671
1747836880895 0.13642780482769012 672
1747836881280 0.08320330083370209 673
1747836881698 0.25450554490089417 674
1747836884746 0.185108482837677 675
1747836886853 0.16685205698013306 676
1747836888707 0.08696277439594269 677
1747836889101 0.09425114095211029 678
1747836891378 0.17789459228515625 679
1747836893840 0.20287162065505981 680
1747836896105 0.12034328281879425 681
1747836896489 0.11761424690485 682
1747836898451 0.08840751647949219 683
1747836900283 0.1328011155128479 684
1747836902277 0.10441987961530685 685
1747836902658 0.10339054465293884 686
1747836903031 0.20063471794128418 687
1747836905662 0.1259997934103012 688
1747836907020 0.08264198899269104 689
1747836908584 0.11991241574287415 690
1747836930747 0.09812568128108978 691
1747836931653 0.08455171436071396 692
1747836934658 0.18335884809494019 693
1747836935062 0.15267419815063477 694
1747836935464 0.1287624090909958 695
1747836937795 0.11228795349597931 696
1747836939604 0.09788167476654053 697
1747836939988 0.08496452867984772 698
1747836942190 0.10100755840539932 699
1747836942596 0.10232754051685333 700
1747836942998 0.09893421083688736 701
1747836943370 0.18682533502578735 702
1747836944295 0.11180229485034943 703
1747836947515 0.10802018642425537 704
1747836949370 0.11296907812356949 705
1747836949753 0.11584436893463135 706
1747836950141 0.1941445916891098 707
1747836950705 0.14517340064048767 708
1747836951580 0.18910032510757446 709
1747836954853 0.10150949656963348 710
1747836956919 0.09256786853075027 711
1747836957307 0.11416362226009369 712
1747836957695 0.18034610152244568 713
1747836960490 0.23705509305000305 714
1747836962457 0.12595857679843903 715
1747836962844 0.11207140237092972 716
1747836963236 0.08402284234762192 717
1747836963772 0.11635531485080719 718
1747836964548 0.2454676479101181 719
1747836965465 0.08566110581159592 720
1747836968287 0.10558724403381348 721
1747836968682 0.15127697587013245 722
1747836969079 0.2850515842437744 723
1747836971746 0.10973744094371796 724
1747836973680 0.12727245688438416 725
1747836974064 0.09127582609653473 726
1747836976239 0.09870295226573944 727
1747836976635 0.3070143759250641 728
1747836979015 0.12221202999353409 729
1747836981013 0.08677301555871964 730
1747836981407 0.16960319876670837 731
1747836983933 0.08808191120624542 732
1747836984329 0.08854716271162033 733
1747836986449 0.25616365671157837 734
1747836988198 0.1493384838104248 735
1747836989788 0.13215279579162598 736
1747837012108 0.17243927717208862 737
1747837013109 0.08211591839790344 738
1747837015915 0.10247832536697388 739
1747837017691 0.33592191338539124 740
1747837018095 0.11563830077648163 741
1747837020597 0.15152528882026672 742
1747837020982 0.13625910878181458 743
1747837023379 0.09616053104400635 744
1747837025490 0.07614678144454956 745
1747837025882 0.09471602737903595 746
1747837026279 0.08827914297580719 747
1747837029097 0.16889536380767822 748
1747837029484 0.1502380520105362 749
1747837031605 0.11026556044816971 750
1747837032003 0.10341648757457733 751
1747837034136 0.11085876077413559 752
1747837034543 0.3039826452732086 753
1747837037131 0.10900043696165085 754
1747837037515 0.29334211349487305 755
1747837040014 0.10893585532903671 756
1747837042182 0.12147380411624908 757
1747837042576 0.08751935511827469 758
1747837042959 0.13656990230083466 759
1747837043473 0.08927413821220398 760
1747837046692 0.2840661108493805 761
1747837047100 0.11071288585662842 762
1747837047489 0.12266676127910614 763
1747837049857 0.12581142783164978 764
1747837050252 0.15811939537525177 765
1747837050639 0.08355074375867844 766
1747837051046 0.0965915247797966 767
1747837051801 0.10100120306015015 768
1747837052749 0.15842291712760925 769
1747837053604 0.08676620572805405 770
1747837054381 0.20164325833320618 771
1747837055177 0.1195363700389862 772
1747837058432 0.27503806352615356 773
1747837058829 0.09009534865617752 774
1747837059211 0.15280397236347198 775
1747837059725 0.1930902600288391 776
1747837060434 0.2678024172782898 777
1747837061424 0.2949722707271576 778
1747837062120 0.11996034532785416 779
1747837065082 0.3804457187652588 780
1747837066723 0.09364015609025955 781
1747837068429 0.120364248752594 782
1747837090027 0.15760374069213867 783
1747837092872 0.2098281979560852 784
1747837093288 0.0961429700255394 785
1747837095986 0.0958632156252861 786
1747837096369 0.09242484718561172 787
1747837096778 0.11291879415512085 788
1747837097328 0.1722562313079834 789
1747837100255 0.27231067419052124 790
1747837100660 0.12348303198814392 791
1747837101049 0.4359781742095947 792
1747837101583 0.09977186471223831 793
1747837102517 0.17870350182056427 794
1747837103492 0.14257997274398804 795
1747837104279 0.23212118446826935 796
1747837105216 0.09464750438928604 797
1747837109086 0.15016326308250427 798
1747837109479 0.10997150838375092 799
1747837112072 0.12288875877857208 800
1747837112468 0.10933178663253784 801
1747837114774 0.20507968962192535 802
1747837116597 0.12325341254472733 803
1747837116987 0.09443368762731552 804
1747837117364 0.09740105271339417 805
1747837119977 0.15484938025474548 806
1747837122002 0.11523614823818207 807
1747837122389 0.0932634025812149 808
1747837124544 0.19467231631278992 809
1747837124934 0.08713475614786148 810
1747837125325 0.0806930661201477 811
1747837125890 0.12230419367551804 812
1747837126670 0.1408405303955078 813
1747837127465 0.1496661901473999 814
1747837128177 0.2623080015182495 815
1747837128965 0.24460843205451965 816
1747837129700 0.09432462602853775 817
1747837130491 0.12947043776512146 818
1747837131425 0.1156153678894043 819
1747837134882 0.12099435925483704 820
1747837135273 0.13010916113853455 821
1747837135660 0.07563233375549316 822
1747837136208 0.11982904374599457 823
1747837139233 0.09280472993850708 824
1747837141322 0.11099234223365784 825
1747837143443 0.4209022521972656 826
1747837143820 0.17704494297504425 827
1747837144180 0.13124245405197144 828
1747837168018 0.16208416223526 829
1747837168410 0.1114952564239502 830
1747837168812 0.13500425219535828 831
1747837171659 0.3061631917953491 832
1747837172042 0.10749831795692444 833
1747837174183 0.09008564054965973 834
1747837174577 0.14116835594177246 835
1747837174973 0.08528679609298706 836
1747837175598 0.19677969813346863 837
1747837176330 0.07810882478952408 838
1747837179454 0.09909874945878983 839
1747837181644 0.24560612440109253 840
1747837183864 0.1752525418996811 841
1747837185980 0.10621682554483414 842
1747837186367 0.10758394002914429 843
1747837186740 0.11772102117538452 844
1747837189672 0.15037879347801208 845
1747837190062 0.07775644958019257 846
1747837190455 0.12303481996059418 847
1747837193480 0.09630081057548523 848
1747837193870 0.087674081325531 849
1747837196462 0.17190688848495483 850
1747837196851 0.21121741831302643 851
1747837197240 0.16967466473579407 852
1747837197781 0.13446857035160065 853
1747837201712 0.2063896656036377 854
1747837203856 0.1445682793855667 855
1747837204233 0.11450685560703278 856
1747837206373 0.08815331012010574 857
1747837206761 0.1598396748304367 858
1747837208926 0.11866925656795502 859
1747837211169 0.14487697184085846 860
1747837211545 0.17827025055885315 861
1747837213720 0.10552795976400375 862
1747837215954 0.13448096811771393 863
1747837218091 0.10172528028488159 864
1747837218474 0.15424959361553192 865
1747837220962 0.1120636910200119 866
1747837221349 0.109127476811409 867
1747837221790 0.08461792021989822 868
1747837222493 0.12527358531951904 869
1747837223237 0.1520014852285385 870
1747837224141 0.08568605035543442 871
1747837227431 0.1994277834892273 872
1747837227796 0.1283840388059616 873
1747837229148 0.09328193962574005 874
1747837251105 0.12990005314350128 875
1747837254037 0.1319098323583603 876
1747837254415 0.14803755283355713 877
1747837254796 0.10843342542648315 878
1747837255189 0.11825147271156311 879
1747837256201 0.11311739683151245 880
1747837256986 0.10489332675933838 881
1747837260354 0.08565309643745422 882
1747837260753 0.11660435795783997 883
1747837263257 0.14214304089546204 884
1747837265104 0.08965331315994263 885
1747837267153 0.09293919801712036 886
1747837269256 0.1280611753463745 887
1747837271346 0.19174277782440186 888
1747837273115 0.09043297171592712 889
1747837274956 0.1106199249625206 890
1747837277193 0.1033499538898468 891
1747837279413 0.10264789313077927 892
1747837279813 0.06817297637462616 893
1747837280207 0.20454227924346924 894
1747837280615 0.11338669806718826 895
1747837281456 0.13130657374858856 896
1747837282276 0.09135003387928009 897
1747837283099 0.10302871465682983 898
1747837285695 0.09168791770935059 899
1747837287608 0.13463649153709412 900
1747837288003 0.08335716277360916 901
1747837290218 0.19741469621658325 902
1747837290621 0.10912063717842102 903
1747837292837 0.09766234457492828 904
1747837294903 0.4184322655200958 905
1747837295289 0.13808292150497437 906
1747837297796 0.16749125719070435 907
1747837299951 0.09922661632299423 908
1747837300352 0.10315270721912384 909
1747837302922 0.40510958433151245 910
1747837305041 0.1419219970703125 911
1747837305430 0.09717869758605957 912
1747837308039 0.18159186840057373 913
1747837310118 0.12648199498653412 914
1747837310512 0.20815761387348175 915
1747837310897 0.1945081651210785 916
1747837313542 0.16113871335983276 917
1747837313949 0.21571050584316254 918
1747837314325 0.15039676427841187 919
1747837316228 0.09083802253007889 920
1747837340629 0.0935744047164917 921
1747837342718 0.0989951565861702 922
1747837343107 0.12696199119091034 923
1747837343511 0.24521008133888245 924
1747837344097 0.10892537236213684 925
1747837347419 0.10479842871427536 926
1747837347812 0.11638651043176651 927
1747837348229 0.25461387634277344 928
1747837350620 0.26185569167137146 929
1747837353210 0.13566023111343384 930
1747837355115 0.10617383569478989 931
1747837356934 0.1516256034374237 932
1747837357323 0.1211131140589714 933
1747837359531 0.12767750024795532 934
1747837359936 0.17210783064365387 935
1747837360330 0.12266279011964798 936
1747837363228 0.24249494075775146 937
1747837365230 0.112953320145607 938
1747837365610 0.13419124484062195 939
1747837368219 0.2663272023200989 940
1747837368620 0.1545402854681015 941
1747837369005 0.1343763768672943 942
1747837372004 0.29644089937210083 943
1747837375048 0.15781249105930328 944
1747837377143 0.14003410935401917 945
1747837377531 0.1358344554901123 946
1747837380409 0.1008361279964447 947
1747837380805 0.10108470916748047 948
1747837381186 0.1104290559887886 949
1747837381735 0.08013948053121567 950
1747837382698 0.09948165714740753 951
1747837383697 0.18149183690547943 952
1747837384662 0.13949289917945862 953
1747837388014 0.09964021295309067 954
1747837388405 0.1356165111064911 955
1747837388790 0.13687899708747864 956
1747837391426 0.08844941854476929 957
1747837391805 0.1695351004600525 958
1747837392194 0.4125140905380249 959
1747837394571 0.07297737896442413 960
1747837396566 0.18612146377563477 961
1747837398611 0.25443872809410095 962
1747837400560 0.15272310376167297 963
1747837400954 0.12766852974891663 964
1747837403106 0.09560786187648773 965
1747837404765 0.1885557919740677 966
1747837427826 0.11934152245521545 967
1747837428782 0.10871504247188568 968
1747837429744 0.08811619877815247 969
1747837433009 0.1603516936302185 970
1747837433404 0.09033272415399551 971
1747837435433 0.17311060428619385 972
1747837435812 0.12248344719409943 973
1747837438405 0.08062566816806793 974
1747837438809 0.16398505866527557 975
1747837441520 0.09177112579345703 976
1747837441930 0.12245263159275055 977
1747837444576 0.07832711189985275 978
1747837444968 0.15509364008903503 979
1747837447093 0.08197413384914398 980
1747837447480 0.2208137959241867 981
1747837447861 0.08763203024864197 982
1747837451007 0.10918817669153214 983
1747837451394 0.19621621072292328 984
1747837451784 0.08438770473003387 985
1747837452179 0.09465771913528442 986
1747837453137 0.14716264605522156 987
1747837454104 0.16394749283790588 988
1747837455031 0.127293199300766 989
1747837455829 0.08344297111034393 990
1747837459383 0.13631156086921692 991
1747837461800 0.18600115180015564 992
1747837462188 0.10819202661514282 993
1747837462598 0.16793540120124817 994
1747837462965 0.07174146920442581 995
1747837463920 0.10513082891702652 996
1747837464860 0.09881942719221115 997
1747837465684 0.08066955953836441 998
1747837469195 0.21325066685676575 999
1747837469586 0.4564587473869324 1000
1747837469964 0.1142360046505928 1001
1747837470343 0.11387099325656891 1002
1747837471284 0.07712089270353317 1003
1747837474558 0.1118202954530716 1004
1747837476416 0.146849125623703 1005
1747837478296 0.11149320751428604 1006
1747837480429 0.2857782244682312 1007
1747837480818 0.09069584310054779 1008
1747837481211 0.21046729385852814 1009
1747837484310 0.14620769023895264 1010
1747837484687 0.09250195324420929 1011
1747837485053 0.26945462822914124 1012
1747837510184 0.13533756136894226 1013
1747837510577 0.12465223670005798 1014
1747837510969 0.10608997941017151 1015
1747837511366 0.1290702223777771 1016
1747837514779 0.207025408744812 1017
1747837516775 0.12455370277166367 1018
1747837518616 0.27147459983825684 1019
1747837519006 0.11503471434116364 1020
1747837521425 0.10948652774095535 1021
1747837523566 0.17272338271141052 1022
1747837523955 0.15977869927883148 1023
1747837524381 0.12256937474012375 1024
1747837524923 0.12027569860219955 1025
1747837525695 0.11348666250705719 1026
1747837528419 0.09729974716901779 1027
1747837530545 0.10445844382047653 1028
1747837532626 0.15814736485481262 1029
1747837535103 0.08118245005607605 1030
1747837535488 0.0851195901632309 1031
1747837535880 0.16865943372249603 1032
1747837536490 0.19242994487285614 1033
1747837537479 0.1237766221165657 1034
1747837538413 0.10358165949583054 1035
1747837539157 0.11371082067489624 1036
1747837542494 0.08193729817867279 1037
1747837542893 0.12665700912475586 1038
1747837545052 0.2020738422870636 1039
1747837545439 0.10540254414081573 1040
1747837547967 0.12392191588878632 1041
1747837549980 0.25255024433135986 1042
1747837552037 0.15763606131076813 1043
1747837554264 0.1559278666973114 1044
1747837554657 0.11499711871147156 1045
1747837555035 0.1642579883337021 1046
1747837557777 0.0804641842842102 1047
1747837558176 0.13708186149597168 1048
1747837560919 0.1635354459285736 1049
1747837563279 0.10729804635047913 1050
1747837563673 0.1522960662841797 1051
1747837566474 0.17532861232757568 1052
1747837566847 0.14317020773887634 1053
1747837567240 0.1843574196100235 1054
1747837567651 0.09598132967948914 1055
1747837568426 0.176964670419693 1056
1747837569382 0.1462261825799942 1057
1747837571492 0.12008397281169891 1058
1747837596870 0.09350689500570297 1059
1747837597248 0.12691240012645721 1060
1747837597640 0.15982864797115326 1061
1747837598042 0.10304851830005646 1062
1747837599001 0.07277161628007889 1063
1747837601747 0.19969934225082397 1064
1747837602143 0.17170122265815735 1065
1747837602527 0.11744269728660583 1066
1747837603188 0.10571403801441193 1067
1747837603975 0.13538295030593872 1068
1747837604930 0.08927780389785767 1069
1747837605716 0.1440277397632599 1070
1747837606724 0.08260824531316757 1071
1747837607687 0.17955218255519867 1072
1747837610936 0.26332908868789673 1073
1747837611330 0.09869593381881714 1074
1747837611741 0.10102751851081848 1075
1747837612119 0.09620050340890884 1076
1747837615193 0.09679803252220154 1077
1747837617168 0.09411675482988358 1078
1747837617556 0.1771622598171234 1079
1747837620037 0.1852082461118698 1080
1747837620428 0.1073703020811081 1081
1747837622840 0.17937582731246948 1082
1747837623226 0.08239740133285522 1083
1747837623617 0.10406319051980972 1084
1747837624001 0.06669440865516663 1085
1747837624941 0.07946258038282394 1086
1747837625702 0.07510682940483093 1087
1747837626487 0.12328414618968964 1088
1747837629664 0.15901614725589752 1089
1747837630049 0.19217950105667114 1090
1747837630441 0.11087141931056976 1091
1747837631027 0.15535521507263184 1092
1747837631817 0.15098270773887634 1093
1747837632796 0.10277998447418213 1094
1747837633580 0.19313625991344452 1095
1747837634357 0.14739707112312317 1096
1747837635326 0.08588681370019913 1097
1747837638960 0.11343815922737122 1098
1747837641191 0.08845416456460953 1099
1747837641589 0.16305851936340332 1100
1747837641983 0.10551442205905914 1101
1747837642356 0.10323747992515564 1102
1747837643131 0.20505636930465698 1103
1747837643903 0.21614038944244385 1104
1747837668521 0.09630796313285828 1105
1747837668903 0.10259117186069489 1106
1747837669298 0.0879911333322525 1107
1747837669664 0.110539510846138 1108
1747837670387 0.07937268912792206 1109
1747837673313 0.12304925918579102 1110
1747837673740 0.09259148687124252 1111
1747837676119 0.10373996943235397 1112
1747837678178 0.18276336789131165 1113
1747837678572 0.07923471182584763 1114
1747837681223 0.1089138612151146 1115
1747837681604 0.0974520668387413 1116
1747837684133 0.2602384388446808 1117
1747837686069 0.13458701968193054 1118
1747837686464 0.09435443580150604 1119
1747837688468 0.09334908425807953 1120
1747837690640 0.1682387888431549 1121
1747837691013 0.09434017539024353 1122
1747837691405 0.11338336765766144 1123
1747837691789 0.10196677595376968 1124
1747837695102 0.1320515275001526 1125
1747837695493 0.0813654214143753 1126
1747837697807 0.09643116593360901 1127
1747837698194 0.10117490589618683 1128
1747837700278 0.09307985752820969 1129
1747837700656 0.07318675518035889 1130
1747837703229 0.09200381487607956 1131
1747837703603 0.07655425369739532 1132
1747837706222 0.2536083459854126 1133
1747837706595 0.1824612319469452 1134
1747837708946 0.1485726237297058 1135
1747837709338 0.11028017103672028 1136
1747837709743 0.15035825967788696 1137
1747837710107 0.11418026685714722 1138
1747837711038 0.13070400059223175 1139
1747837714330 0.17573672533035278 1140
1747837714705 0.0890834629535675 1141
1747837715102 0.07558685541152954 1142
1747837717631 0.12656764686107635 1143
1747837719610 0.19269919395446777 1144
1747837719998 0.10907551646232605 1145
1747837720375 0.11298660188913345 1146
1747837720938 0.13228261470794678 1147
1747837721816 0.10804267227649689 1148
1747837722538 0.07579783350229263 1149
1747837724693 0.14915381371974945 1150
1747837746894 0.10620993375778198 1151
1747837747656 0.13331185281276703 1152
1747837750559 0.1861155778169632 1153
1747837750965 0.10852596163749695 1154
1747837754066 0.1123860627412796 1155
1747837756204 0.18350255489349365 1156
1747837756586 0.10780071467161179 1157
1747837758840 0.08838221430778503 1158
1747837760763 0.08279026299715042 1159
1747837761151 0.19831278920173645 1160
1747837761545 0.08427689969539642 1161
1747837764260 0.19798588752746582 1162
1747837764646 0.10173007845878601 1163
1747837765048 0.12027931958436966 1164
1747837765430 0.14307275414466858 1165
1747837766185 0.1104155108332634 1166
1747837768875 0.12698990106582642 1167
1747837769258 0.24661172926425934 1168
1747837771885 0.10398779064416885 1169
1747837772279 0.07593480497598648 1170
1747837774716 0.09872604161500931 1171
1747837775093 0.07651165127754211 1172
1747837775500 0.12003141641616821 1173
1747837778279 0.10816552489995956 1174
1747837780389 0.11821245402097702 1175
1747837780777 0.13484978675842285 1176
1747837781179 0.09970839321613312 1177
1747837781560 0.0739390105009079 1178
1747837782271 0.08564284443855286 1179
1747837785640 0.10069108009338379 1180
1747837787694 0.07610861212015152 1181
1747837790076 0.243316188454628 1182
1747837792093 0.10545220971107483 1183
1747837794082 0.08037298917770386 1184
1747837795965 0.08925682306289673 1185
1747837796360 0.0977674126625061 1186
1747837796752 0.1322801411151886 1187
1747837799351 0.10157422721385956 1188
1747837801756 0.27927902340888977 1189
1747837803831 0.11095239222049713 1190
1747837804216 0.11245351284742355 1191
1747837807044 0.12805193662643433 1192
1747837809283 0.08624009788036346 1193
1747837809659 0.1862207055091858 1194
1747837810076 0.2778329849243164 1195
1747837810440 0.11442263424396515 1196
1747837835025 0.25145354866981506 1197
1747837836864 0.08538901805877686 1198
1747837837252 0.17885152995586395 1199
1747837837668 0.12781105935573578 1200
1747837840630 0.10789666324853897 1201
1747837841011 0.11890123784542084 1202
1747837841384 0.15436318516731262 1203
1747837844262 0.1461791843175888 1204
1747837844636 0.07843587547540665 1205
1747837845014 0.15609781444072723 1206
1747837845406 0.09625446796417236 1207
1747837848979 0.09110759943723679 1208
1747837849369 0.2548549175262451 1209
1747837849760 0.07270562648773193 1210
1747837852480 0.1456848531961441 1211
1747837852877 0.10811011493206024 1212
1747837853285 0.13520628213882446 1213
1747837853855 0.10263017565011978 1214
1747837854560 0.10939989984035492 1215
1747837855273 0.08905651420354843 1216
1747837858485 0.08463695645332336 1217
1747837858865 0.19217036664485931 1218
1747837860886 0.10318069159984589 1219
1747837861272 0.14412161707878113 1220
1747837861664 0.09013248980045319 1221
1747837864458 0.14469917118549347 1222
1747837866954 0.26313483715057373 1223
1747837868776 0.11682066321372986 1224
1747837870613 0.12986351549625397 1225
1747837872559 0.1369646042585373 1226
1747837872953 0.24757567048072815 1227
1747837875228 0.08789481967687607 1228
1747837875623 0.0964806079864502 1229
1747837876019 0.09126757830381393 1230
1747837878374 0.070826455950737 1231
1747837880295 0.1102040559053421 1232
1747837880684 0.1171899288892746 1233
1747837881070 0.1243344396352768 1234
1747837883925 0.08182080835103989 1235
1747837884323 0.12034358084201813 1236
1747837884721 0.15519219636917114 1237
1747837885326 0.09532014280557632 1238
1747837886263 0.12508022785186768 1239
1747837886996 0.15644000470638275 1240
1747837889768 0.06972631812095642 1241
1747837891243 0.24738004803657532 1242
1747837913479 0.10890714824199677 1243
1747837916669 0.0706881433725357 1244
1747837917046 0.08987557142972946 1245
1747837917432 0.0751788318157196 1246
1747837917890 0.09487947821617126 1247
1747837918843 0.18968579173088074 1248
1747837922080 0.08585568517446518 1249
1747837924127 0.09659568965435028 1250
1747837924529 0.15275122225284576 1251
1747837924921 0.1060594767332077 1252
1747837925308 0.0968698188662529 1253
1747837928461 0.2172001302242279 1254
1747837930614 0.16384193301200867 1255
1747837930999 0.16313821077346802 1256
1747837931399 0.07920665293931961 1257
1747837931772 0.126051127910614 1258
1747837932509 0.20189347863197327 1259
1747837933270 0.13215288519859314 1260
1747837934046 0.17197075486183167 1261
1747837934802 0.12429240345954895 1262
1747837937416 0.09821921586990356 1263
1747837939929 0.10211434215307236 1264
1747837940321 0.1761063039302826 1265
1747837942587 0.10056497901678085 1266
1747837942968 0.13783524930477142 1267
1747837943366 0.11587531119585037 1268
1747837943830 0.14197289943695068 1269
1747837944742 0.07982189953327179 1270
1747837947398 0.19875136017799377 1271
1747837949186 0.12078937143087387 1272
1747837949578 0.13479037582874298 1273
1747837949970 0.1624671369791031 1274
1747837950547 0.10462678968906403 1275
1747837953007 0.08885473012924194 1276
1747837953397 0.08320015668869019 1277
1747837956041 0.19906482100486755 1278
1747837956434 0.08408870548009872 1279
1747837956822 0.1527102291584015 1280
1747837959615 0.18554124236106873 1281
1747837960004 0.10556360334157944 1282
1747837962580 0.08768302202224731 1283
1747837964673 0.13526687026023865 1284
1747837965066 0.1194542944431305 1285
1747837967347 0.20655810832977295 1286
1747837967732 0.11717291176319122 1287
1747837968100 0.09047881513834 1288
1747837992496 0.14842385053634644 1289
1747837994497 0.18753160536289215 1290
1747837994885 0.0878341868519783 1291
1747837996963 0.10102760791778564 1292
1747837997366 0.12606020271778107 1293
1747837999581 0.10077770799398422 1294
1747837999966 0.12756329774856567 1295
1747838000363 0.09118582308292389 1296
1747838000755 0.11866489052772522 1297
1747838001675 0.18012940883636475 1298
1747838004822 0.18964146077632904 1299
1747838006952 0.0877784863114357 1300
1747838007337 0.07283516228199005 1301
1747838007725 0.18402832746505737 1302
1747838010354 0.1501643806695938 1303
1747838013242 0.13194414973258972 1304
1747838013627 0.12411463260650635 1305
1747838014007 0.08900918066501617 1306
1747838014384 0.1059441938996315 1307
1747838015272 0.0869489312171936 1308
1747838018209 0.19297020137310028 1309
1747838020032 0.13021637499332428 1310
1747838021940 0.15396422147750854 1311
1747838022319 0.09574462473392487 1312
1747838022699 0.1781441569328308 1313
1747838023112 0.108905129134655 1314
1747838025778 0.08494629710912704 1315
1747838026210 0.08806860446929932 1316
1747838026616 0.07269012928009033 1317
1747838027097 0.0980687141418457 1318
1747838030209 0.11891388893127441 1319
1747838030599 0.0866466760635376 1320
1747838033034 0.2660011649131775 1321
1747838033427 0.09893662482500076 1322
1747838033798 0.17084050178527832 1323
1747838036784 0.1615367829799652 1324
1747838037162 0.08767806738615036 1325
1747838037553 0.10771802067756653 1326
1747838038163 0.10763891041278839 1327
1747838038971 0.2583021819591522 1328
1747838042560 0.18834099173545837 1329
1747838042972 0.09427136182785034 1330
1747838043342 0.11712642014026642 1331
1747838046022 0.0665622130036354 1332
1747838047706 0.18291904032230377 1333
1747838048061 0.0867200419306755 1334
1747838070193 0.08890965580940247 1335
1747838072804 0.16698774695396423 1336
1747838074853 0.09792623668909073 1337
1747838076810 0.08305910974740982 1338
1747838077184 0.11490418761968613 1339
1747838079803 0.16320282220840454 1340
1747838080176 0.1313287317752838 1341
1747838080571 0.07687266170978546 1342
1747838083386 0.10522112995386124 1343
1747838083790 0.09368575364351273 1344
1747838086410 0.0687689334154129 1345
1747838086785 0.08682182431221008 1346
1747838087187 0.0863908976316452 1347
1747838087557 0.1365017592906952 1348
1747838090589 0.10167811065912247 1349
1747838091001 0.08166281133890152 1350
1747838093107 0.11116845160722733 1351
1747838093487 0.07266601175069809 1352
1747838093880 0.11738687753677368 1353
1747838094468 0.1157529354095459 1354
1747838097563 0.36435016989707947 1355
1747838099513 0.10803475975990295 1356
1747838099903 0.09539416432380676 1357
1747838100293 0.1258821189403534 1358
1747838100862 0.0728365108370781 1359
1747838101841 0.2595641613006592 1360
1747838102577 0.1463404893875122 1361
1747838103361 0.09238895773887634 1362
1747838104103 0.1974717676639557 1363
1747838104871 0.22860825061798096 1364
1747838105561 0.2370830923318863 1365
1747838108749 0.0830412358045578 1366
1747838109137 0.13396398723125458 1367
1747838109520 0.1385132372379303 1368
1747838109926 0.11621631681919098 1369
1747838110838 0.11426618695259094 1370
1747838113412 0.11226262152194977 1371
1747838113821 0.10939666628837585 1372
1747838114225 0.20982372760772705 1373
1747838116936 0.19375571608543396 1374
1747838117331 0.12375305593013763 1375
1747838117714 0.10594649612903595 1376
1747838118116 0.18684950470924377 1377
1747838120907 0.1336507797241211 1378
1747838121285 0.08477812260389328 1379
1747838121654 0.09165704995393753 1380
1747838143965 0.2325754463672638 1381
1747838146961 0.0867786779999733 1382
1747838149475 0.1046040803194046 1383
1747838151627 0.11482299864292145 1384
1747838152012 0.08021143823862076 1385
1747838152393 0.08715178072452545 1386
1747838152988 0.11493905633687973 1387
1747838155494 0.10579058527946472 1388
1747838155881 0.1727406531572342 1389
1747838156279 0.12199631333351135 1390
1747838158777 0.14402338862419128 1391
1747838160836 0.12235381454229355 1392
1747838162616 0.1006249189376831 1393
1747838164792 0.12678273022174835 1394
1747838165167 0.1749902069568634 1395
1747838165554 0.14233991503715515 1396
1747838168203 0.11154945194721222 1397
1747838170164 0.09310422092676163 1398
1747838172750 0.07205665111541748 1399
1747838174581 0.11078615486621857 1400
1747838174973 0.08772779256105423 1401
1747838175365 0.12471866607666016 1402
1747838178186 0.09381613880395889 1403
1747838178575 0.07708200812339783 1404
1747838181184 0.18605583906173706 1405
1747838181576 0.08383474498987198 1406
1747838181990 0.07766905426979065 1407
1747838182531 0.14673610031604767 1408
1747838183272 0.07243731617927551 1409
1747838184198 0.2252507507801056 1410
1747838184914 0.09680450707674026 1411
1747838187972 0.14033055305480957 1412
1747838189956 0.06464230269193649 1413
1747838190341 0.09941592067480087 1414
1747838190742 0.12183067202568054 1415
1747838191231 0.11301212012767792 1416
1747838191980 0.07380661368370056 1417
1747838192715 0.2212734818458557 1418
1747838193458 0.10402341187000275 1419
1747838196343 0.08194848150014877 1420
1747838198406 0.08239097893238068 1421
1747838200361 0.16050934791564941 1422
1747838200740 0.1420978605747223 1423
1747838202883 0.11893610656261444 1424
1747838204231 0.07024473696947098 1425
1747838205720 0.21868330240249634 1426
1747838229805 0.11276935040950775 1427
1747838230193 0.08398349583148956 1428
1747838232246 0.11720355600118637 1429
1747838234212 0.10292139649391174 1430
1747838236773 0.15031521022319794 1431
1747838238754 0.08625619858503342 1432
1747838241327 0.15855298936367035 1433
1747838243132 0.15852977335453033 1434
1747838243527 0.08755561709403992 1435
1747838245494 0.11037679016590118 1436
1747838247397 0.09643099457025528 1437
1747838249107 0.13621456921100616 1438
1747838249495 0.20589366555213928 1439
1747838249900 0.15883296728134155 1440
1747838250290 0.07933022081851959 1441
1747838250825 0.07152100652456284 1442
1747838253910 0.22081653773784637 1443
1747838255725 0.1299302875995636 1444
1747838256107 0.11538217961788177 1445
1747838256505 0.09443197399377823 1446
1747838256892 0.08936368674039841 1447
1747838257756 0.11503028869628906 1448
1747838258443 0.08051592856645584 1449
1747838261569 0.11867041885852814 1450
1747838263440 0.13763634860515594 1451
1747838265467 0.11766080558300018 1452
1747838265854 0.07392412424087524 1453
1747838268156 0.31416159868240356 1454
1747838268521 0.26743096113204956 1455
1747838268910 0.0764712393283844 1456
1747838270920 0.08435457944869995 1457
1747838272936 0.07078848779201508 1458
1747838274788 0.09936104714870453 1459
1747838275175 0.09925216436386108 1460
1747838277345 0.1671755164861679 1461
1747838277735 0.09597907960414886 1462
1747838278129 0.06711646169424057 1463
1747838280302 0.09882253408432007 1464
1747838280681 0.07700908929109573 1465
1747838282908 0.15716367959976196 1466
1747838284879 0.24290049076080322 1467
1747838285262 0.10878758132457733 1468
1747838285667 0.09839439392089844 1469
1747838288013 0.09122548997402191 1470
1747838288388 0.11012913286685944 1471
1747838288754 0.170790895819664 1472
1747838309800 0.10952934622764587 1473
1747838310562 0.10725869983434677 1474
1747838313162 0.17930737137794495 1475
1747838314912 0.07033535838127136 1476
1747838315301 0.07548835873603821 1477
1747838317403 0.08265865594148636 1478
1747838319406 0.08073219656944275 1479
1747838321713 0.10991784930229187 1480
1747838322090 0.1127413958311081 1481
1747838322507 0.1131105124950409 1482
1747838325400 0.13373450934886932 1483
1747838325800 0.1707720160484314 1484
1747838326213 0.12205945700407028 1485
1747838328615 0.08691764622926712 1486
1747838329009 0.09201561659574509 1487
1747838329392 0.1209288090467453 1488
1747838329997 0.17592746019363403 1489
1747838330662 0.145697221159935 1490
1747838331477 0.07590174674987793 1491
1747838334135 0.15769070386886597 1492
1747838334530 0.09680894017219543 1493
1747838334918 0.12566958367824554 1494
1747838336926 0.28037986159324646 1495
1747838338780 0.08953077346086502 1496
1747838340420 0.10893699526786804 1497
1747838342124 0.1113443449139595 1498
1747838343966 0.17659512162208557 1499
1747838344354 0.1715906858444214 1500
1747838344751 0.081056609749794 1501
1747838346952 0.09489639103412628 1502
1747838347346 0.06961768120527267 1503
1747838349741 0.108528733253479 1504
1747838350124 0.18320900201797485 1505
1747838350516 0.092803955078125 1506
1747838350909 0.07663406431674957 1507
1747838351491 0.07135123014450073 1508
1747838352323 0.10675807297229767 1509
1747838355223 0.1519850194454193 1510
1747838355600 0.10239120572805405 1511
1747838356004 0.05931185930967331 1512
1747838358155 0.12334933876991272 1513
1747838360148 0.17480120062828064 1514
1747838361884 0.08583089709281921 1515
1747838362278 0.10353546589612961 1516
1747838364028 0.13975511491298676 1517
1747838365448 0.10663950443267822 1518
1747838386597 0.2228773683309555 1519
1747838389321 0.0772748589515686 1520
1747838391421 0.1582811027765274 1521
1747838391801 0.14479930698871613 1522
1747838392206 0.10317960381507874 1523
1747838392602 0.18560370802879333 1524
1747838393201 0.09363779425621033 1525
1747838393979 0.12950699031352997 1526
1747838397093 0.06936635822057724 1527
1747838399228 0.12499446421861649 1528
1747838399615 0.1747545301914215 1529
1747838401833 0.07582572102546692 1530
1747838402223 0.06807641685009003 1531
1747838402608 0.27947017550468445 1532
1747838404783 0.08367574959993362 1533
1747838406712 0.10084906965494156 1534
1747838407097 0.12711501121520996 1535
1747838407489 0.1429939866065979 1536
1747838407866 0.09451820701360703 1537
1747838408603 0.1646478772163391 1538
1747838411339 0.10734812170267105 1539
1747838413234 0.1856071799993515 1540
1747838415346 0.10815592110157013 1541
1747838417268 0.19557377696037292 1542
1747838417662 0.22686231136322021 1543
1747838419858 0.24687930941581726 1544
1747838421967 0.09717945754528046 1545
1747838422354 0.10486812889575958 1546
1747838422742 0.11362720280885696 1547
1747838425310 0.1242513507604599 1548
1747838427327 0.18353179097175598 1549
1747838427720 0.0823519229888916 1550
1747838430112 0.15624520182609558 1551
1747838430483 0.1467338651418686 1552
1747838430881 0.10188233107328415 1553
1747838433897 0.11746624112129211 1554
1747838435809 0.3253704309463501 1555
1747838437807 0.08183151483535767 1556
1747838439943 0.17939861118793488 1557
1747838441810 0.0823674201965332 1558
1747838443813 0.16936258971691132 1559
1747838445815 0.09674190729856491 1560
1747838446191 0.11529865115880966 1561
1747838446586 0.1096593514084816 1562
1747838448550 0.15546748042106628 1563
1747838448934 0.10300454497337341 1564
1747838469570 0.11062655597925186 1565
1747838470206 0.09344904124736786 1566
1747838473270 0.08994118124246597 1567
1747838475023 0.09237784147262573 1568
1747838475418 0.08733594417572021 1569
1747838477643 0.23892870545387268 1570
1747838478039 0.16943779587745667 1571
1747838478455 0.11105325818061829 1572
1747838478865 0.07747583091259003 1573
1747838481421 0.1596423089504242 1574
1747838481832 0.1066158339381218 1575
1747838482216 0.12599024176597595 1576
1747838482784 0.09650400280952454 1577
1747838483612 0.15279647707939148 1578
1747838484374 0.0662350058555603 1579
1747838485007 0.17220310866832733 1580
1747838488091 0.13745638728141785 1581
1747838489815 0.07963887602090836 1582
1747838491878 0.07975384593009949 1583
1747838492271 0.17369800806045532 1584
1747838492647 0.1332755982875824 1585
1747838493230 0.11264888942241669 1586
1747838493906 0.09047417342662811 1587
1747838496482 0.07532477378845215 1588
1747838498411 0.07403279840946198 1589
1747838498801 0.07897789031267166 1590
1747838501119 0.16315460205078125 1591
1747838503058 0.27830034494400024 1592
1747838503442 0.07773108035326004 1593
1747838503855 0.06903049349784851 1594
1747838504400 0.09850438684225082 1595
1747838505225 0.06232733279466629 1596
1747838507704 0.2054527997970581 1597
1747838508078 0.19306586682796478 1598
1747838510164 0.1029907763004303 1599
1747838512294 0.11174839735031128 1600
1747838512693 0.12551815807819366 1601
1747838513087 0.1230250746011734 1602
1747838513486 0.07759229838848114 1603
1747838514195 0.2597268521785736 1604
1747838516849 0.09675677865743637 1605
1747838517239 0.15470415353775024 1606
1747838517644 0.08394473791122437 1607
1747838520481 0.10946707427501678 1608
1747838520854 0.10888747870922089 1609
1747838521215 0.1592109501361847 1610
1747838544600 0.08894932270050049 1611
1747838544985 0.09687566012144089 1612
1747838545363 0.09112599492073059 1613
1747838547734 0.10448932647705078 1614
1747838548123 0.15238843858242035 1615
1747838548504 0.1538081169128418 1616
1747838548938 0.07017498463392258 1617
1747838551844 0.16510267555713654 1618
1747838552229 0.06907626241445541 1619
1747838554437 0.2152872383594513 1620
1747838556475 0.10698823630809784 1621
1747838556866 0.15201407670974731 1622
1747838557255 0.08250997960567474 1623
1747838557701 0.08630099147558212 1624
1747838558480 0.14301124215126038 1625
1747838561243 0.1084660142660141 1626
1747838561628 0.10552393645048141 1627
1747838564170 0.18323016166687012 1628
1747838564551 0.11066097021102905 1629
1747838566730 0.08904427289962769 1630
1747838567112 0.10830260813236237 1631
1747838567522 0.15260031819343567 1632
1747838567897 0.24837005138397217 1633
1747838568731 0.11802658438682556 1634
1747838569360 0.10735930502414703 1635
1747838570172 0.10425309091806412 1636
1747838570846 0.08186337351799011 1637
1747838571455 0.06252998113632202 1638
1747838572146 0.28194665908813477 1639
1747838572788 0.09062796831130981 1640
1747838575374 0.10724681615829468 1641
1747838575758 0.09924256056547165 1642
1747838576160 0.07047342509031296 1643
1747838576536 0.1459764689207077 1644
1747838577171 0.09038837254047394 1645
1747838577903 0.08973346650600433 1646
1747838578673 0.08682563900947571 1647
1747838579470 0.11477954685688019 1648
1747838580285 0.21485468745231628 1649
1747838582843 0.0959869921207428 1650
1747838583229 0.08376403898000717 1651
1747838585359 0.09230548143386841 1652
1747838585736 0.07066306471824646 1653
1747838586135 0.08282095938920975 1654
1747838588054 0.13225296139717102 1655
1747838589507 0.12680861353874207 1656
1747838610738 0.06821906566619873 1657
1747838613625 0.08022123575210571 1658
1747838615621 0.09633878618478775 1659
1747838617784 0.09655437618494034 1660
1747838619690 0.07358383387327194 1661
1747838621817 0.23945337533950806 1662
1747838623546 0.11018121987581253 1663
1747838625585 0.12625020742416382 1664
1747838625981 0.1258256435394287 1665
1747838626359 0.08671236038208008 1666
1747838626840 0.10272252559661865 1667
1747838627755 0.061959899961948395 1668
1747838628565 0.09021236002445221 1669
1747838631488 0.21228313446044922 1670
1747838631862 0.1283746361732483 1671
1747838632252 0.08439590781927109 1672
1747838632635 0.09558708965778351 1673
1747838633396 0.07594500482082367 1674
1747838636061 0.21485331654548645 1675
1747838636467 0.10370394587516785 1676
1747838636865 0.12537804245948792 1677
1747838637238 0.0819564238190651 1678
1747838639645 0.09890958666801453 1679
1747838640023 0.18205231428146362 1680
1747838640422 0.1406313180923462 1681
1747838640808 0.07675515860319138 1682
1747838643313 0.07577934861183167 1683
1747838643689 0.07720833271741867 1684
1747838644070 0.15638467669487 1685
1747838644685 0.08400779962539673 1686
1747838647939 0.23222391307353973 1687
1747838649948 0.06070570647716522 1688
1747838650333 0.07377734780311584 1689
1747838650732 0.1044619008898735 1690
1747838653855 0.08286706358194351 1691
1747838655979 0.09822943806648254 1692
1747838657705 0.09807341545820236 1693
1747838659611 0.06754620373249054 1694
1747838661574 0.11050660908222198 1695
1747838663538 0.11654879152774811 1696
1747838663928 0.0876702293753624 1697
1747838666603 0.12025336921215057 1698
1747838668735 0.0789555087685585 1699
1747838670614 0.15289224684238434 1700
1747838671913 0.0798715129494667 1701
1747838673495 0.17603826522827148 1702
1747838695152 0.14759935438632965 1703
1747838695933 0.06938104331493378 1704
1747838696692 0.07554952800273895 1705
1747838698951 0.09237037599086761 1706
1747838701030 0.11499318480491638 1707
1747838702943 0.15525785088539124 1708
1747838704647 0.08483956009149551 1709
1747838705037 0.2137397676706314 1710
1747838705420 0.11109591275453568 1711
1747838707856 0.06045692414045334 1712
1747838708254 0.12967802584171295 1713
1747838710620 0.2054726928472519 1714
1747838711027 0.13597317039966583 1715
1747838713146 0.09424687922000885 1716
1747838713538 0.24083039164543152 1717
1747838713924 0.1934579610824585 1718
1747838714298 0.21226397156715393 1719
1747838715233 0.12840571999549866 1720
1747838717707 0.09770224988460541 1721
1747838719488 0.11208458244800568 1722
1747838719875 0.06780990958213806 1723
1747838722408 0.1141936406493187 1724
1747838722797 0.2529117465019226 1725
1747838725333 0.12849117815494537 1726
1747838725728 0.0918220728635788 1727
1747838726117 0.17933592200279236 1728
1747838728587 0.08219201862812042 1729
1747838728977 0.15587227046489716 1730
1747838729367 0.15738067030906677 1731
1747838729846 0.23895399272441864 1732
1747838732583 0.18365450203418732 1733
1747838734679 0.07602556049823761 1734
1747838735064 0.15949003398418427 1735
1747838735447 0.12554091215133667 1736
1747838737821 0.19383077323436737 1737
1747838738207 0.1552909016609192 1738
1747838740184 0.09460894018411636 1739
1747838740569 0.07622390240430832 1740
1747838742800 0.2455371767282486 1741
1747838744664 0.16759374737739563 1742
1747838746522 0.10845054686069489 1743
1747838746910 0.0814526155591011 1744
1747838749427 0.21060636639595032 1745
1747838749814 0.3263607323169708 1746
1747838751570 0.2481364756822586 1747
1747838751940 0.10346873104572296 1748
1747838772804 0.2739420235157013 1749
1747838775408 0.10914047062397003 1750
1747838775810 0.09185605496168137 1751
1747838778414 0.2745804190635681 1752
1747838778787 0.10152143239974976 1753
1747838779189 0.14871570467948914 1754
1747838779581 0.1468641757965088 1755
1747838780219 0.19537824392318726 1756
1747838782944 0.0902567207813263 1757
1747838783335 0.17538723349571228 1758
1747838783734 0.1586601287126541 1759
1747838784124 0.12541507184505463 1760
1747838788180 0.1295987367630005 1761
1747838788570 0.09798375517129898 1762
1747838788974 0.11903376877307892 1763
1747838789357 0.08672010898590088 1764
1747838792208 0.06317654997110367 1765
1747838792588 0.0835275948047638 1766
1747838793004 0.11550501734018326 1767
1747838793415 0.08966774493455887 1768
1747838794011 0.08653625845909119 1769
1747838796728 0.11005818843841553 1770
1747838797116 0.14093469083309174 1771
1747838797545 0.12797333300113678 1772
1747838799691 0.14594420790672302 1773
1747838800075 0.10377322137355804 1774
1747838800479 0.11079317331314087 1775
1747838800861 0.07467067241668701 1776
1747838801659 0.16494128108024597 1777
1747838802438 0.16971026360988617 1778
1747838803433 0.07772589474916458 1779
1747838804168 0.15375834703445435 1780
1747838806863 0.1539977490901947 1781
1747838807267 0.16017335653305054 1782
1747838809796 0.0703696459531784 1783
1747838810176 0.12792269885540009 1784
1747838810569 0.11590591073036194 1785
1747838813379 0.09185020625591278 1786
1747838813776 0.1551186591386795 1787
1747838814198 0.09416443854570389 1788
1747838816446 0.13751213252544403 1789
1747838816829 0.08234408497810364 1790
1747838818927 0.18032033741474152 1791
1747838820860 0.09893181920051575 1792
1747838821230 0.10425229370594025 1793
1747838821592 0.07053784281015396 1794
1747838843329 0.116840660572052 1795
1747838844222 0.07335802912712097 1796
1747838847372 0.09745408594608307 1797
1747838847762 0.08368419110774994 1798
1747838850132 0.1280527561903 1799
1747838850526 0.06893762946128845 1800
1747838850944 0.07591533660888672 1801
1747838851333 0.09958183765411377 1802
1747838852245 0.07962354272603989 1803
1747838853001 0.0888199508190155 1804
1747838853738 0.07041667401790619 1805
1747838856776 0.1435096263885498 1806
1747838858661 0.11481395363807678 1807
1747838859054 0.09803275018930435 1808
1747838859448 0.07286527752876282 1809
1747838859819 0.16124938428401947 1810
1747838862986 0.0733758732676506 1811
1747838864680 0.13490915298461914 1812
1747838865070 0.17844223976135254 1813
1747838867146 0.10909222811460495 1814
1747838869222 0.1724148690700531 1815
1747838869607 0.08319349586963654 1816
1747838869996 0.10373181104660034 1817
1747838870522 0.08243454992771149 1818
1747838871262 0.09182361513376236 1819
1747838874511 0.104139044880867 1820
1747838874899 0.1364993155002594 1821
1747838877076 0.11956815421581268 1822
1747838877476 0.09584008157253265 1823
1747838880129 0.17076197266578674 1824
1747838880521 0.09226837754249573 1825
1747838880912 0.0776253268122673 1826
1747838881296 0.0766676813364029 1827
1747838881961 0.1095779687166214 1828
1747838885152 0.1365707516670227 1829
1747838885536 0.3113129138946533 1830
1747838885913 0.08252422511577606 1831
1747838886457 0.09571461379528046 1832
1747838889358 0.12250250577926636 1833
1747838889746 0.08080042153596878 1834
1747838892357 0.12020902335643768 1835
1747838892745 0.08167549967765808 1836
1747838895141 0.08289352804422379 1837
1747838895526 0.16778188943862915 1838
1747838897189 0.1544519066810608 1839
1747838898613 0.09634867310523987 1840
1747838919800 0.10011933743953705 1841
1747838923164 0.0827154889702797 1842
1747838923548 0.0839073434472084 1843
1747838923938 0.1104254424571991 1844
1747838924309 0.44512149691581726 1845
1747838925227 0.1636565774679184 1846
1747838928088 0.12272517383098602 1847
1747838928476 0.07954750210046768 1848
1747838928856 0.09989912807941437 1849
1747838931247 0.10738526284694672 1850
1747838933422 0.2048650085926056 1851
1747838933809 0.09807880222797394 1852
1747838935727 0.10254192352294922 1853
1747838936118 0.09576013684272766 1854
1747838936521 0.10083639621734619 1855
1747838936915 0.0809350237250328 1856
1747838937717 0.07274679839611053 1857
1747838938633 0.10296854376792908 1858
1747838941719 0.0926697701215744 1859
1747838942095 0.2559591829776764 1860
1747838942494 0.06448188424110413 1861
1747838945168 0.06781389564275742 1862
1747838945542 0.09998555481433868 1863
1747838947540 0.10808016359806061 1864
1747838949642 0.09381815791130066 1865
1747838950009 0.08653640747070312 1866
1747838950378 0.0864754468202591 1867
1747838952878 0.0845317468047142 1868
1747838954905 0.09039416909217834 1869
1747838955286 0.10754132270812988 1870
1747838955679 0.06909787654876709 1871
1747838957904 0.06188999116420746 1872
1747838958293 0.13015389442443848 1873
1747838958700 0.16591627895832062 1874
1747838959139 0.07561835646629333 1875
1747838959890 0.14651337265968323 1876
1747838962380 0.09560304880142212 1877
1747838962757 0.08076506853103638 1878
1747838965056 0.09779607504606247 1879
1747838965441 0.0987602025270462 1880
1747838967708 0.10123221576213837 1881
1747838969849 0.09337429702281952 1882
1747838971703 0.15606912970542908 1883
1747838972097 0.07413001358509064 1884
1747838972493 0.12144047021865845 1885
1747838972849 0.14821361005306244 1886
1747838993492 0.1924102008342743 1887
1747838996530 0.06805787980556488 1888
1747838998473 0.07723285257816315 1889
1747839000563 0.09637974202632904 1890
1747839002645 0.0692962110042572 1891
1747839003028 0.10722726583480835 1892
1747839005511 0.1489381641149521 1893
1747839005897 0.08273565769195557 1894
1747839006308 0.06769440323114395 1895
1747839006875 0.15333712100982666 1896
1747839007595 0.08706678450107574 1897
1747839008277 0.1311870962381363 1898
1747839009901 0.08998478204011917 1899
1747839010288 0.09362281858921051 1900
1747839014059 0.1675739288330078 1901
1747839014454 0.13054223358631134 1902
1747839016297 0.0781017318367958 1903
1747839016682 0.10068932175636292 1904
1747839018871 0.06823913753032684 1905
1747839020551 0.1043723002076149 1906
1747839022408 0.12124964594841003 1907
1747839024602 0.0656842291355133 1908
1747839024994 0.09155523777008057 1909
1747839025386 0.06973616778850555 1910
1747839027660 0.12323512136936188 1911
1747839029638 0.15112467110157013 1912
1747839030028 0.09869818389415741 1913
1747839032062 0.07846130430698395 1914
1747839032445 0.07741336524486542 1915
1747839035151 0.06934825330972672 1916
1747839035543 0.06476400792598724 1917
1747839037500 0.13895627856254578 1918
1747839037885 0.09939827024936676 1919
1747839038281 0.0952025055885315 1920
1747839038948 0.07854358106851578 1921
1747839040056 0.06306474655866623 1922
1747839043080 0.057550203055143356 1923
1747839045195 0.13545484840869904 1924
1747839047131 0.145277202129364 1925
1747839047518 0.0836181491613388 1926
1747839047907 0.32907527685165405 1927
1747839050910 0.08648381382226944 1928
1747839052793 0.16638769209384918 1929
1747839053178 0.1099463552236557 1930
1747839054713 0.10725398361682892 1931
1747839055083 0.10001838207244873 1932
1747839078100 0.12501154839992523 1933
1747839079793 0.09951535612344742 1934
1747839080184 0.10525357723236084 1935
1747839082888 0.1103958934545517 1936
1747839084875 0.15516826510429382 1937
1747839085257 0.27732333540916443 1938
1747839087360 0.08746112138032913 1939
1747839089392 0.12650692462921143 1940
1747839091092 0.09368563443422318 1941
1747839093180 0.0766153335571289 1942
1747839093568 0.3332093060016632 1943
1747839095985 0.2335110306739807 1944
1747839098193 0.26238128542900085 1945
1747839100166 0.0975131168961525 1946
1747839102171 0.1587592512369156 1947
1747839102546 0.1791979968547821 1948
1747839102950 0.17003846168518066 1949
1747839103324 0.1404341161251068 1950
1747839104074 0.06828214228153229 1951
1747839106868 0.407409131526947 1952
1747839107260 0.10204589366912842 1953
1747839107658 0.06943071633577347 1954
1747839108051 0.11058026552200317 1955
1747839110917 0.14699546992778778 1956
1747839111316 0.11904963850975037 1957
1747839111698 0.15863575041294098 1958
1747839112156 0.16226711869239807 1959
1747839112912 0.09615160524845123 1960
1747839113800 0.08911925554275513 1961
1747839114577 0.07411228120326996 1962
1747839115443 0.08018309623003006 1963
1747839116310 0.07554244995117188 1964
1747839119218 0.1573283076286316 1965
1747839119603 0.14901597797870636 1966
1747839121613 0.09100702404975891 1967
1747839122005 0.08496519923210144 1968
1747839124267 0.08173893392086029 1969
1747839124653 0.07206141203641891 1970
1747839125027 0.10508383065462112 1971
1747839127140 0.06944352388381958 1972
1747839129121 0.0737825483083725 1973
1747839129531 0.11627677828073502 1974
1747839129967 0.08500520884990692 1975
1747839133081 0.10607545077800751 1976
1747839133458 0.17150187492370605 1977
1747839133827 0.0886392667889595 1978
1747839155460 0.09171053767204285 1979
1747839156390 0.09309225529432297 1980
1747839157071 0.09100596606731415 1981
1747839160312 0.24793794751167297 1982
1747839162211 0.08103487640619278 1983
1747839164055 0.16358768939971924 1984
1747839165928 0.14604830741882324 1985
1747839166307 0.10304559767246246 1986
1747839168513 0.08366800844669342 1987
1747839168908 0.14614176750183105 1988
1747839169316 0.09977863729000092 1989
1747839171994 0.07203175127506256 1990
1747839172391 0.10268057882785797 1991
1747839174580 0.15871816873550415 1992
1747839176420 0.08045283704996109 1993
1747839178011 0.08485957980155945 1994
1747839179803 0.07334787398576736 1995
1747839180196 0.07661158591508865 1996
1747839182158 0.07558350265026093 1997
1747839184154 0.15282347798347473 1998
1747839184541 0.07005085051059723 1999
1747839184956 0.09301764518022537 2000
1747839185429 0.22128282487392426 2001
1747839188078 0.2007664144039154 2002
1747839188478 0.1085410937666893 2003
1747839191093 0.1406049132347107 2004
1747839191466 0.07174432277679443 2005
1747839193661 0.15921758115291595 2006
1747839195367 0.07238844037055969 2007
1747839195775 0.08275127410888672 2008
1747839196147 0.09222110360860825 2009
1747839196600 0.07541465759277344 2010
1747839197333 0.1127464771270752 2011
1747839199851 0.05923759192228317 2012
1747839201789 0.10489238798618317 2013
1747839202178 0.23010434210300446 2014
1747839204198 0.10161614418029785 2015
1747839206029 0.10878041386604309 2016
1747839206433 0.1277511715888977 2017
1747839208567 0.1258648931980133 2018
1747839208936 0.22868436574935913 2019
1747839209333 0.06660312414169312 2020
1747839209802 0.07509039342403412 2021
1747839210560 0.10170125961303711 2022
1747839212670 0.11595721542835236 2023
1747839214111 0.08647675812244415 2024
1747839235005 0.14422151446342468 2025
1747839235794 0.08716537803411484 2026
1747839238807 0.2420124113559723 2027
1747839241281 0.08916492760181427 2028
1747839241677 0.05540517717599869 2029
1747839243807 0.1261075884103775 2030
1747839244194 0.10408470034599304 2031
1747839244593 0.07995686680078506 2032
1747839245059 0.06421951949596405 2033
1747839245781 0.2852519452571869 2034
1747839246481 0.11859919875860214 2035
1747839247337 0.10655780881643295 2036
1747839248200 0.11872655153274536 2037
1747839248982 0.1491592675447464 2038
1747839251582 0.09709852933883667 2039
1747839251982 0.07758550345897675 2040
1747839254343 0.11471974849700928 2041
1747839256169 0.09945394098758698 2042
1747839256540 0.05849125236272812 2043
1747839256938 0.09040091186761856 2044
1747839257304 0.11331796646118164 2045
1747839258076 0.13468633592128754 2046
1747839258973 0.13122133910655975 2047
1747839261813 0.08651712536811829 2048
1747839262224 0.08354076743125916 2049
1747839262609 0.06400680541992188 2050
1747839265450 0.16348037123680115 2051
1747839267489 0.17870990931987762 2052
1747839269229 0.1363743543624878 2053
1747839271124 0.06612686812877655 2054
1747839273120 0.07217518985271454 2055
1747839275148 0.09091490507125854 2056
1747839277197 0.1006782203912735 2057
1747839277587 0.10700732469558716 2058
1747839277977 0.0644482970237732 2059
1747839280478 0.11240212619304657 2060
1747839280873 0.10041264444589615 2061
1747839282888 0.07486820966005325 2062
1747839284712 0.0986340343952179 2063
1747839285109 0.12261798977851868 2064
1747839287346 0.14219364523887634 2065
1747839287748 0.07985002547502518 2066
1747839289893 0.1106562539935112 2067
1747839291901 0.1069096177816391 2068
1747839292271 0.09287659078836441 2069
1747839293589 0.07641442120075226 2070
1747839314247 0.07253807038068771 2071
1747839316917 0.08321723341941833 2072
1747839317314 0.07316920161247253 2073
1747839319850 0.1018473282456398 2074
1747839321850 0.08771928399801254 2075
1747839322236 0.135676309466362 2076
1747839324829 0.21460610628128052 2077
1747839325200 0.0910530537366867 2078
1747839325576 0.1206626296043396 2079
1747839325976 0.17603975534439087 2080
1747839328671 0.07023848593235016 2081
1747839331223 0.10908079147338867 2082
1747839331617 0.10039495676755905 2083
1747839332016 0.10562321543693542 2084
1747839332489 0.21533484756946564 2085
1747839334746 0.10098183155059814 2086
1747839336794 0.13750194013118744 2087
1747839337177 0.12016918510198593 2088
1747839337553 0.1513630896806717 2089
1747839338071 0.09630295634269714 2090
1747839338834 0.12952956557273865 2091
1747839339633 0.07785484194755554 2092
1747839343078 0.10456866770982742 2093
1747839343496 0.07004465907812119 2094
1747839345407 0.17417936027050018 2095
1747839345802 0.08094906806945801 2096
1747839346197 0.15910296142101288 2097
1747839349170 0.16785889863967896 2098
1747839351035 0.07168596982955933 2099
1747839351423 0.29766613245010376 2100
1747839351823 0.1125074177980423 2101
1747839354356 0.16564986109733582 2102
1747839354752 0.2580706775188446 2103
1747839355145 0.10963174700737 2104
1747839357427 0.07616624981164932 2105
1747839359216 0.0659290999174118 2106
1747839359596 0.10175728797912598 2107
1747839359999 0.2156526893377304 2108
1747839360464 0.17169253528118134 2109
1747839361378 0.08955880254507065 2110
1747839363980 0.10278245806694031 2111
1747839364381 0.08233819901943207 2112
1747839364770 0.25303685665130615 2113
1747839365148 0.1827024519443512 2114
1747839367399 0.1469457447528839 2115
1747839367771 0.10949625074863434 2116
1747839388859 0.0931670069694519 2117
1747839389481 0.07436680048704147 2118
1747839390189 0.13410085439682007 2119
1747839390974 0.09660275280475616 2120
1747839391737 0.19258473813533783 2121
1747839392400 0.34557804465293884 2122
1747839395249 0.08125345408916473 2123
1747839397245 0.08339838683605194 2124
1747839399135 0.0863763764500618 2125
1747839399539 0.09397254139184952 2126
1747839399941 0.14990785717964172 2127
1747839402627 0.22337400913238525 2128
1747839403025 0.12079580873250961 2129
1747839403422 0.06532333046197891 2130
1747839403800 0.083963543176651 2131
1747839404502 0.1972648948431015 2132
1747839407243 0.10003969073295593 2133
1747839407650 0.10306903719902039 2134
1747839410034 0.10841179639101028 2135
1747839410404 0.12084086239337921 2136
1747839410800 0.1433970332145691 2137
1747839411189 0.0738421082496643 2138
1747839413740 0.0919378399848938 2139
1747839414117 0.11602428555488586 2140
1747839414508 0.3887121081352234 2141
1747839415078 0.12618280947208405 2142
1747839418209 0.12334391474723816 2143
1747839420272 0.24492864310741425 2144
1747839420664 0.09914107620716095 2145
1747839423095 0.2293650507926941 2146
1747839423486 0.08961854130029678 2147
1747839423868 0.16739177703857422 2148
1747839424255 0.0924454852938652 2149
1747839427594 0.13118262588977814 2150
1747839429728 0.07205664366483688 2151
1747839430116 0.10809759795665741 2152
1747839430508 0.07972288876771927 2153
1747839430998 0.16403068602085114 2154
1747839431851 0.14198604226112366 2155
1747839432666 0.08196184039115906 2156
1747839433529 0.10903118550777435 2157
1747839434298 0.14693652093410492 2158
1747839434971 0.10152580589056015 2159
1747839437925 0.23275989294052124 2160
1747839439439 0.2555420398712158 2161
1747839440752 0.1416095793247223 2162
1747839460947 0.13902777433395386 2163
1747839463635 0.07365411520004272 2164
1747839465655 0.10915540903806686 2165
1747839466036 0.17016318440437317 2166
1747839466444 0.16353560984134674 2167
1747839469030 0.18881870806217194 2168
1747839469425 0.1635344922542572 2169
1747839469819 0.16711091995239258 2170
1747839471755 0.13926735520362854 2171
1747839472145 0.1449916958808899 2172
1747839472523 0.10593979060649872 2173
1747839473109 0.08531691133975983 2174
1747839475657 0.0777180939912796 2175
1747839476035 0.07647903263568878 2176
1747839476418 0.07183416932821274 2177
1747839478485 0.11140686273574829 2178
1747839480309 0.07576051354408264 2179
1747839480708 0.11046890914440155 2180
1747839481094 0.24535402655601501 2181
1747839481569 0.16709324717521667 2182
1747839484355 0.09829319268465042 2183
1747839486467 0.13884590566158295 2184
1747839486852 0.08228859305381775 2185
1747839488943 0.08308131992816925 2186
1747839490806 0.13865876197814941 2187
1747839491194 0.20401950180530548 2188
1747839493559 0.06842724978923798 2189
1747839493935 0.16136445105075836 2190
1747839495907 0.11378715932369232 2191
1747839496299 0.10088693350553513 2192
1747839498328 0.1032065600156784 2193
1747839498705 0.1463843435049057 2194
1747839499101 0.17889951169490814 2195
1747839499691 0.11336337774991989 2196
1747839502592 0.10396195948123932 2197
1747839502993 0.08272011578083038 2198
1747839503385 0.10374237596988678 2199
1747839503922 0.09761052578687668 2200
1747839504910 0.09300511330366135 2201
1747839505578 0.08299031853675842 2202
1747839506265 0.15720483660697937 2203
1747839509003 0.10864245891571045 2204
1747839510961 0.15972505509853363 2205
1747839513085 0.1014053076505661 2206
1747839514464 0.10676674544811249 2207
1747839514839 0.07269802689552307 2208
1747839536649 0.08102993667125702 2209
1747839539568 0.0977846086025238 2210
1747839541441 0.07311102747917175 2211
1747839541841 0.07941874861717224 2212
1747839542238 0.14503058791160583 2213
1747839544329 0.124839186668396 2214
1747839544700 0.07798856496810913 2215
1747839545100 0.10256972908973694 2216
1747839545491 0.14813262224197388 2217
1747839548752 0.0979367047548294 2218
1747839550840 0.08501728624105453 2219
1747839551239 0.17733770608901978 2220
1747839551655 0.18931402266025543 2221
1747839552149 0.0708831250667572 2222
1747839553117 0.10694259405136108 2223
1747839555393 0.09339560568332672 2224
1747839555796 0.07629606872797012 2225
1747839557900 0.10123255848884583 2226
1747839559673 0.1506251096725464 2227
1747839560055 0.06873238831758499 2228
1747839562050 0.0804859846830368 2229
1747839562417 0.0800376683473587 2230
1747839562832 0.19976361095905304 2231
1747839563404 0.08964726328849792 2232
1747839564188 0.14582940936088562 2233
1747839564923 0.27834129333496094 2234
1747839567933 0.14641830325126648 2235
1747839568312 0.11784453690052032 2236
1747839568713 0.24486926198005676 2237
1747839569083 0.19168542325496674 2238
1747839571983 0.17872431874275208 2239
1747839574136 0.08398403972387314 2240
1747839574518 0.15701748430728912 2241
1747839574929 0.09662657976150513 2242
1747839575337 0.07868875563144684 2243
1747839578189 0.13517296314239502 2244
1747839578578 0.24129708111286163 2245
1747839578970 0.17188453674316406 2246
1747839581183 0.12697511911392212 2247
1747839581581 0.08528617769479752 2248
1747839581962 0.0879305824637413 2249
1747839584283 0.10725677758455276 2250
1747839586256 0.1982254981994629 2251
1747839586635 0.06440143287181854 2252
1747839587023 0.15751755237579346 2253
1747839587405 0.0723467618227005 2254
1747839608571 0.06934526562690735 2255
1747839611763 0.11957286298274994 2256
1747839612167 0.07117100059986115 2257
1747839612553 0.18338701128959656 2258
1747839613083 0.09946590662002563 2259
1747839613852 0.16991698741912842 2260
1747839614519 0.08817067742347717 2261
1747839615226 0.16650065779685974 2262
1747839618368 0.11752896010875702 2263
1747839618764 0.28471285104751587 2264
1747839619164 0.17518968880176544 2265
1747839621216 0.08736129105091095 2266
1747839621596 0.1523880660533905 2267
1747839622004 0.22447076439857483 2268
1747839622472 0.08335866034030914 2269
1747839623244 0.09269315749406815 2270
1747839623940 0.06878721714019775 2271
1747839624591 0.16422492265701294 2272
1747839625306 0.1977008581161499 2273
1747839626081 0.06966225057840347 2274
1747839628885 0.09136906266212463 2275
1747839629276 0.10601428896188736 2276
1747839629672 0.07353213429450989 2277
1747839632370 0.10535738617181778 2278
1747839632742 0.10912779718637466 2279
1747839635023 0.178786039352417 2280
1747839636921 0.07921561598777771 2281
1747839637297 0.1267198920249939 2282
1747839637688 0.09873081743717194 2283
1747839638133 0.1018211841583252 2284
1747839638803 0.08580843359231949 2285
1747839639581 0.119349405169487 2286
1747839640299 0.0691293403506279 2287
1747839640983 0.10351333022117615 2288
1747839643740 0.1515394151210785 2289
1747839644125 0.07571005821228027 2290
1747839646784 0.1440776288509369 2291
1747839647162 0.10543356835842133 2292
1747839647562 0.0643811821937561 2293
1747839649854 0.07302449643611908 2294
1747839651627 0.07198326289653778 2295
1747839653421 0.07196342200040817 2296
1747839653795 0.07608981430530548 2297
1747839654210 0.19281597435474396 2298
1747839654629 0.0945507064461708 2299
1747839655471 0.09898550808429718 2300
