1747835715685 0.0001 1
1747835716052 0.0001 2
1747835718104 0.0001 3
1747835718476 0.0001 4
1747835721253 0.0001 5
1747835721629 0.0001 6
1747835723898 0.0001 7
1747835724282 0.0001 8
1747835724665 0.0001 9
1747835725203 0.0001 10
1747835725933 0.0001 11
1747835726628 0.0001 12
1747835727455 0.0001 13
1747835730911 0.0001 14
1747835731292 0.0001 15
1747835731671 0.0001 16
1747835734504 0.0001 17
1747835734870 0.0001 18
1747835737485 0.0001 19
1747835737870 0.0001 20
1747835738258 0.0001 21
1747835738780 0.0001 22
1747835741817 0.0001 23
1747835742196 0.0001 24
1747835742589 0.0001 25
1747835743095 0.0001 26
1747835746510 0.0001 27
1747835746878 0.0001 28
1747835747246 0.0001 29
1747835749717 0.0001 30
1747835751662 0.0001 31
1747835753466 0.0001 32
1747835753840 0.0001 33
1747835756077 0.0001 34
1747835758070 0.0001 35
1747835758449 0.0001 36
1747835760562 0.0001 37
1747835762449 0.0001 38
1747835762818 0.0001 39
1747835765409 0.0001 40
1747835765784 0.0001 41
1747835766156 0.0001 42
1747835768822 0.0001 43
1747835770940 0.0001 44
1747835772443 0.0001 45
1747835772792 0.0001 46
1747835794516 0.0001 47
1747835795214 0.0001 48
1747835796046 0.0001 49
1747835799295 0.0001 50
1747835799683 0.0001 51
1747835802273 0.0001 52
1747835802646 0.0001 53
1747835805172 0.0001 54
1747835807089 0.0001 55
1747835809452 0.0001 56
1747835809840 0.0001 57
1747835811973 0.0001 58
1747835813858 0.0001 59
1747835815835 0.0001 60
1747835817959 0.0001 61
1747835818336 0.0001 62
1747835818727 0.0001 63
1747835819091 0.0001 64
1747835819817 0.0001 65
1747835820536 0.0001 66
1747835821221 0.0001 67
1747835822086 0.0001 68
1747835822775 0.0001 69
1747835826021 0.0001 70
1747835827963 0.0001 71
1747835828337 0.0001 72
1747835830514 0.0001 73
1747835832611 0.0001 74
1747835832984 0.0001 75
1747835833365 0.0001 76
1747835836246 0.0001 77
1747835836624 0.0001 78
1747835837014 0.0001 79
1747835839644 0.0001 80
1747835841614 0.0001 81
1747835843624 0.0001 82
1747835843994 0.0001 83
1747835846042 0.0001 84
1747835847844 0.0001 85
1747835848211 0.0001 86
1747835848593 0.0001 87
1747835849095 0.0001 88
1747835852233 0.0001 89
1747835852600 0.0001 90
1747835852968 0.0001 91
1747835853507 0.0001 92
1747835877290 0.0001 93
1747835879104 0.0001 94
1747835881051 0.0001 95
1747835882980 0.0001 96
1747835883349 0.0001 97
1747835883723 0.0001 98
1747835884307 0.0001 99
1747835887660 0.0001 100
1747835889594 0.0001 101
1747835891379 0.0001 102
1747835891746 0.0001 103
1747835894249 0.0001 104
1747835894642 0.0001 105
1747835896774 0.0001 106
1747835897144 0.0001 107
1747835899422 0.0001 108
1747835899799 0.0001 109
1747835900180 0.0001 110
1747835903049 0.0001 111
1747835903425 0.0001 112
1747835905988 0.0001 113
1747835906374 0.0001 114
1747835908849 0.0001 115
1747835909240 0.0001 116
1747835909610 0.0001 117
1747835910170 0.0001 118
1747835911074 0.0001 119
1747835911765 0.0001 120
1747835912472 0.0001 121
1747835915601 0.0001 122
1747835915991 0.0001 123
1747835916394 0.0001 124
1747835916821 0.0001 125
1747835917744 0.0001 126
1747835921044 0.0001 127
1747835921426 0.0001 128
1747835923657 0.0001 129
1747835924039 0.0001 130
1747835924424 0.0001 131
1747835925018 0.0001 132
1747835925947 0.0001 133
1747835926880 0.0001 134
1747835929983 0.0001 135
1747835930357 0.0001 136
1747835930740 0.0001 137
1747835931299 0.0001 138
1747835952977 0.0001 139
1747835956003 0.0001 140
1747835956386 0.0001 141
1747835956762 0.0001 142
1747835957318 0.0001 143
1747835958114 0.0001 144
1747835960960 0.0001 145
1747835962857 0.0001 146
1747835964934 0.0001 147
1747835965336 0.0001 148
1747835965706 0.0001 149
1747835966126 0.0001 150
1747835966837 0.0001 151
1747835967633 0.0001 152
1747835968534 0.0001 153
1747835969288 0.0001 154
1747835970212 0.0001 155
1747835973553 0.0001 156
1747835973957 0.0001 157
1747835974332 0.0001 158
1747835974728 0.0001 159
1747835977464 0.0001 160
1747835977849 0.0001 161
1747835978229 0.0001 162
1747835978791 0.0001 163
1747835979500 0.0001 164
1747835982691 0.0001 165
1747835984868 0.0001 166
1747835987015 0.0001 167
1747835987391 0.0001 168
1747835990026 0.0001 169
1747835990403 0.0001 170
1747835990805 0.0001 171
1747835991180 0.0001 172
1747835993917 0.0001 173
1747835996108 0.0001 174
1747835996495 0.0001 175
1747835998757 0.0001 176
1747835999155 0.0001 177
1747836001758 0.0001 178
1747836003650 0.0001 179
1747836004041 0.0001 180
1747836006794 0.0001 181
1747836007177 0.0001 182
1747836007560 0.0001 183
1747836009138 0.0001 184
1747836033512 0.0001 185
1747836035398 0.0001 186
1747836035789 0.0001 187
1747836037981 0.0001 188
1747836040395 0.0001 189
1747836042495 0.0001 190
1747836044325 0.0001 191
1747836046426 0.0001 192
1747836046825 0.0001 193
1747836047197 0.0001 194
1747836047614 0.0001 195
1747836053678 0.0001 196
1747836054084 0.0001 197
1747836057285 0.0001 198
1747836059303 0.0001 199
1747836059704 0.0001 200
1747836060105 0.0001 201
1747836063610 0.0001 202
1747836064003 0.0001 203
1747836064390 0.0001 204
1747836067315 0.0001 205
1747836069550 0.0001 206
1747836069940 0.0001 207
1747836072081 0.0001 208
1747836072472 0.0001 209
1747836074607 0.0001 210
1747836074997 0.0001 211
1747836077761 0.0001 212
1747836079755 0.0001 213
1747836080138 0.0001 214
1747836082338 0.0001 215
1747836084213 0.0001 216
1747836084597 0.0001 217
1747836084987 0.0001 218
1747836085405 0.0001 219
1747836088327 0.0001 220
1747836088716 0.0001 221
1747836090872 0.0001 222
1747836091257 0.0001 223
1747836091640 0.0001 224
1747836094433 0.0001 225
1747836094834 0.0001 226
1747836097240 0.0001 227
1747836097629 0.0001 228
1747836100038 0.0001 229
1747836101843 0.0001 230
1747836128579 0.0001 231
1747836128963 0.0001 232
1747836131268 0.0001 233
1747836131654 0.0001 234
1747836132074 0.0001 235
1747836134781 0.0001 236
1747836135157 0.0001 237
1747836135544 0.0001 238
1747836135940 0.0001 239
1747836136735 0.0001 240
1747836139676 0.0001 241
1747836140066 0.0001 242
1747836142112 0.0001 243
1747836142501 0.0001 244
1747836144660 0.0001 245
1747836146548 0.0001 246
1747836146937 0.0001 247
1747836147339 0.0001 248
1747836149934 0.0001 249
1747836150321 0.0001 250
1747836152951 0.0001 251
1747836154732 0.0001 252
1747836156515 0.0001 253
1747836156914 0.0001 254
1747836157318 0.0001 255
1747836157720 0.0001 256
1747836161153 0.0001 257
1747836161547 0.0001 258
1747836161942 0.0001 259
1747836164567 0.0001 260
1747836166610 0.0001 261
1747836168504 0.0001 262
1747836168893 0.0001 263
1747836171109 0.0001 264
1747836171496 0.0001 265
1747836171911 0.0001 266
1747836172310 0.0001 267
1747836173224 0.0001 268
1747836176752 0.0001 269
1747836177151 0.0001 270
1747836177571 0.0001 271
1747836177944 0.0001 272
1747836180989 0.0001 273
1747836182861 0.0001 274
1747836183229 0.0001 275
1747836183596 0.0001 276
1747836208762 0.0001 277
1747836209139 0.0001 278
1747836209569 0.0001 279
1747836209941 0.0001 280
1747836213163 0.0001 281
1747836213546 0.0001 282
1747836215681 0.0001 283
1747836216076 0.0001 284
1747836218237 0.0001 285
1747836218626 0.0001 286
1747836219024 0.0001 287
1747836221958 0.0001 288
1747836223858 0.0001 289
1747836224247 0.0001 290
1747836226416 0.0001 291
1747836226802 0.0001 292
1747836227234 0.0001 293
1747836229496 0.0001 294
1747836229892 0.0001 295
1747836230280 0.0001 296
1747836230669 0.0001 297
1747836233895 0.0001 298
1747836234281 0.0001 299
1747836234671 0.0001 300
1747836235228 0.0001 301
1747836237876 0.0001 302
1747836238270 0.0001 303
1747836238647 0.0001 304
1747836241736 0.0001 305
1747836243709 0.0001 306
1747836245772 0.0001 307
1747836246153 0.0001 308
1747836246533 0.0001 309
1747836249482 0.0001 310
1747836251433 0.0001 311
1747836253512 0.0001 312
1747836253899 0.0001 313
1747836254294 0.0001 314
1747836254700 0.0001 315
1747836257203 0.0001 316
1747836259290 0.0001 317
1747836259680 0.0001 318
1747836261888 0.0001 319
1747836262281 0.0001 320
1747836264043 0.0001 321
1747836264407 0.0001 322
1747836289300 0.0001 323
1747836291317 0.0001 324
1747836293190 0.0001 325
1747836293573 0.0001 326
1747836293971 0.0001 327
1747836297009 0.0001 328
1747836297379 0.0001 329
1747836297759 0.0001 330
1747836298155 0.0001 331
1747836301287 0.0001 332
1747836303151 0.0001 333
1747836303529 0.0001 334
1747836303907 0.0001 335
1747836306903 0.0001 336
1747836308650 0.0001 337
1747836310568 0.0001 338
1747836312400 0.0001 339
1747836314577 0.0001 340
1747836314953 0.0001 341
1747836317485 0.0001 342
1747836317868 0.0001 343
1747836318258 0.0001 344
1747836320912 0.0001 345
1747836321311 0.0001 346
1747836321716 0.0001 347
1747836322097 0.0001 348
1747836324980 0.0001 349
1747836325357 0.0001 350
1747836325753 0.0001 351
1747836326231 0.0001 352
1747836326988 0.0001 353
1747836327900 0.0001 354
1747836328700 0.0001 355
1747836329572 0.0001 356
1747836332285 0.0001 357
1747836332678 0.0001 358
1747836334810 0.0001 359
1747836336643 0.0001 360
1747836338729 0.0001 361
1747836339120 0.0001 362
1747836341603 0.0001 363
1747836341981 0.0001 364
1747836342374 0.0001 365
1747836345076 0.0001 366
1747836345435 0.0001 367
1747836345802 0.0001 368
1747836370509 0.0001 369
1747836372579 0.0001 370
1747836372949 0.0001 371
1747836373342 0.0001 372
1747836373730 0.0001 373
1747836374508 0.0001 374
1747836375393 0.0001 375
1747836376308 0.0001 376
1747836377034 0.0001 377
1747836377786 0.0001 378
1747836378647 0.0001 379
1747836379359 0.0001 380
1747836380260 0.0001 381
1747836383069 0.0001 382
1747836383454 0.0001 383
1747836383873 0.0001 384
1747836384248 0.0001 385
1747836385009 0.0001 386
1747836385718 0.0001 387
1747836386654 0.0001 388
1747836387585 0.0001 389
1747836388516 0.0001 390
1747836389412 0.0001 391
1747836390135 0.0001 392
1747836392980 0.0001 393
1747836393378 0.0001 394
1747836395567 0.0001 395
1747836397531 0.0001 396
1747836399499 0.0001 397
1747836399886 0.0001 398
1747836400279 0.0001 399
1747836403249 0.0001 400
1747836403642 0.0001 401
1747836405856 0.0001 402
1747836406241 0.0001 403
1747836406640 0.0001 404
1747836407016 0.0001 405
1747836407733 0.0001 406
1747836408659 0.0001 407
1747836409422 0.0001 408
1747836412280 0.0001 409
1747836414195 0.0001 410
1747836414597 0.0001 411
1747836417023 0.0001 412
1747836417397 0.0001 413
1747836417767 0.0001 414
1747836442386 0.0001 415
1747836442753 0.0001 416
1747836445493 0.0001 417
1747836445897 0.0001 418
1747836446300 0.0001 419
1747836446673 0.0001 420
1747836449669 0.0001 421
1747836450068 0.0001 422
1747836452676 0.0001 423
1747836455207 0.0001 424
1747836455575 0.0001 425
1747836457799 0.0001 426
1747836458188 0.0001 427
1747836460678 0.0001 428
1747836462510 0.0001 429
1747836462904 0.0001 430
1747836465031 0.0001 431
1747836465417 0.0001 432
1747836465790 0.0001 433
1747836468429 0.0001 434
1747836470621 0.0001 435
1747836472786 0.0001 436
1747836473171 0.0001 437
1747836473559 0.0001 438
1747836474139 0.0001 439
1747836474873 0.0001 440
1747836475668 0.0001 441
1747836478421 0.0001 442
1747836478820 0.0001 443
1747836479217 0.0001 444
1747836482275 0.0001 445
1747836484081 0.0001 446
1747836486280 0.0001 447
1747836488250 0.0001 448
1747836490199 0.0001 449
1747836492010 0.0001 450
1747836493943 0.0001 451
1747836494341 0.0001 452
1747836496876 0.0001 453
1747836498764 0.0001 454
1747836499156 0.0001 455
1747836499530 0.0001 456
1747836499919 0.0001 457
1747836500647 0.0001 458
1747836503009 0.0001 459
1747836503371 0.0001 460
1747836527932 0.0001 461
1747836529746 0.0001 462
1747836531589 0.0001 463
1747836533479 0.0001 464
1747836535515 0.0001 465
1747836535897 0.0001 466
1747836536275 0.0001 467
1747836539432 0.0001 468
1747836539821 0.0001 469
1747836540209 0.0001 470
1747836540622 0.0001 471
1747836541376 0.0001 472
1747836542103 0.0001 473
1747836542848 0.0001 474
1747836546053 0.0001 475
1747836546437 0.0001 476
1747836546832 0.0001 477
1747836549658 0.0001 478
1747836550052 0.0001 479
1747836552589 0.0001 480
1747836554479 0.0001 481
1747836554874 0.0001 482
1747836555265 0.0001 483
1747836558032 0.0001 484
1747836558434 0.0001 485
1747836561244 0.0001 486
1747836563219 0.0001 487
1747836563600 0.0001 488
1747836563997 0.0001 489
1747836566460 0.0001 490
1747836568379 0.0001 491
1747836568770 0.0001 492
1747836571321 0.0001 493
1747836573422 0.0001 494
1747836575630 0.0001 495
1747836576010 0.0001 496
1747836576396 0.0001 497
1747836576959 0.0001 498
1747836577865 0.0001 499
1747836578610 0.0001 500
1747836581818 0.0001 501
1747836583806 0.0001 502
1747836584194 0.0001 503
1747836584596 0.0001 504
1747836584999 0.0001 505
1747836585727 0.0001 506
1747836610238 0.0001 507
1747836612146 0.0001 508
1747836612535 0.0001 509
1747836612943 0.0001 510
1747836613497 0.0001 511
1747836614272 0.0001 512
1747836617520 0.0001 513
1747836617918 0.0001 514
1747836618309 0.0001 515
1747836618900 0.0001 516
1747836619816 0.0001 517
1747836620708 0.0001 518
1747836621600 0.0001 519
1747836622499 0.0001 520
1747836623219 0.0001 521
1747836626173 0.0001 522
1747836626569 0.0001 523
1747836628629 0.0001 524
1747836630526 0.0001 525
1747836630912 0.0001 526
1747836633015 0.0001 527
1747836635035 0.0001 528
1747836635422 0.0001 529
1747836635829 0.0001 530
1747836636201 0.0001 531
1747836639363 0.0001 532
1747836639762 0.0001 533
1747836640150 0.0001 534
1747836640527 0.0001 535
1747836643436 0.0001 536
1747836643820 0.0001 537
1747836645983 0.0001 538
1747836646375 0.0001 539
1747836646777 0.0001 540
1747836647341 0.0001 541
1747836648095 0.0001 542
1747836651114 0.0001 543
1747836651536 0.0001 544
1747836651914 0.0001 545
1747836652350 0.0001 546
1747836653072 0.0001 547
1747836653779 0.0001 548
1747836654500 0.0001 549
1747836655400 0.0001 550
1747836656119 0.0001 551
1747836656989 0.0001 552
1747836681363 0.0001 553
1747836681754 0.0001 554
1747836684069 0.0001 555
1747836685974 0.0001 556
1747836688021 0.0001 557
1747836690004 0.0001 558
1747836690382 0.0001 559
1747836690765 0.0001 560
1747836693402 0.0001 561
1747836695319 0.0001 562
1747836695714 0.0001 563
1747836696099 0.0001 564
1747836698905 0.0001 565
1747836699289 0.0001 566
1747836699672 0.0001 567
1747836702257 0.0001 568
1747836702665 0.0001 569
1747836705385 0.0001 570
1747836707669 0.0001 571
1747836709667 0.0001 572
1747836710064 0.0001 573
1747836710452 0.0001 574
1747836713386 0.0001 575
1747836715552 0.0001 576
1747836717719 0.0001 577
1747836719540 0.0001 578
1747836719929 0.0001 579
1747836722550 0.0001 580
1747836724437 0.0001 581
1747836726438 0.0001 582
1747836726819 0.0001 583
1747836727209 0.0001 584
1747836727798 0.0001 585
1747836730756 0.0001 586
1747836731140 0.0001 587
1747836731526 0.0001 588
1747836734380 0.0001 589
1747836734785 0.0001 590
1747836737273 0.0001 591
1747836739186 0.0001 592
1747836741670 0.0001 593
1747836743797 0.0001 594
1747836745767 0.0001 595
1747836746159 0.0001 596
1747836746535 0.0001 597
1747836746944 0.0001 598
1747836768817 0.0001 599
1747836769593 0.0001 600
1747836770348 0.0001 601
1747836773371 0.0001 602
1747836773770 0.0001 603
1747836774172 0.0001 604
1747836774649 0.0001 605
1747836775367 0.0001 606
1747836778582 0.0001 607
1747836780558 0.0001 608
1747836780948 0.0001 609
1747836782970 0.0001 610
1747836785201 0.0001 611
1747836785583 0.0001 612
1747836785968 0.0001 613
1747836786367 0.0001 614
1747836787253 0.0001 615
1747836788173 0.0001 616
1747836791153 0.0001 617
1747836791554 0.0001 618
1747836793652 0.0001 619
1747836794047 0.0001 620
1747836796372 0.0001 621
1747836796755 0.0001 622
1747836798879 0.0001 623
1747836801007 0.0001 624
1747836801393 0.0001 625
1747836801785 0.0001 626
1747836802159 0.0001 627
1747836802859 0.0001 628
1747836803750 0.0001 629
1747836804630 0.0001 630
1747836805358 0.0001 631
1747836806246 0.0001 632
1747836809573 0.0001 633
1747836811553 0.0001 634
1747836811936 0.0001 635
1747836813876 0.0001 636
1747836816036 0.0001 637
1747836817892 0.0001 638
1747836820022 0.0001 639
1747836821807 0.0001 640
1747836822201 0.0001 641
1747836822586 0.0001 642
1747836824955 0.0001 643
1747836825325 0.0001 644
1747836847289 0.0001 645
1747836848021 0.0001 646
1747836848834 0.0001 647
1747836851776 0.0001 648
1747836852163 0.0001 649
1747836854548 0.0001 650
1747836856497 0.0001 651
1747836856879 0.0001 652
1747836859329 0.0001 653
1747836861279 0.0001 654
1747836861658 0.0001 655
1747836862050 0.0001 656
1747836864685 0.0001 657
1747836866627 0.0001 658
1747836868449 0.0001 659
1747836868830 0.0001 660
1747836869206 0.0001 661
1747836869742 0.0001 662
1747836870612 0.0001 663
1747836871383 0.0001 664
1747836872246 0.0001 665
1747836873101 0.0001 666
1747836875960 0.0001 667
1747836876363 0.0001 668
1747836876759 0.0001 669
1747836877152 0.0001 670
1747836880520 0.0001 671
1747836880898 0.0001 672
1747836881282 0.0001 673
1747836881704 0.0001 674
1747836884747 0.0001 675
1747836886856 0.0001 676
1747836888709 0.0001 677
1747836889105 0.0001 678
1747836891380 0.0001 679
1747836893842 0.0001 680
1747836896106 0.0001 681
1747836896492 0.0001 682
1747836898454 0.0001 683
1747836900285 0.0001 684
1747836902279 0.0001 685
1747836902660 0.0001 686
1747836903035 0.0001 687
1747836905665 0.0001 688
1747836907022 0.0001 689
1747836908586 0.0001 690
1747836930750 0.0001 691
1747836931657 0.0001 692
1747836934670 0.0001 693
1747836935066 0.0001 694
1747836935466 0.0001 695
1747836937796 0.0001 696
1747836939606 0.0001 697
1747836939992 0.0001 698
1747836942192 0.0001 699
1747836942600 0.0001 700
1747836943001 0.0001 701
1747836943374 0.0001 702
1747836944298 0.0001 703
1747836947516 0.0001 704
1747836949372 0.0001 705
1747836949757 0.0001 706
1747836950145 0.0001 707
1747836950709 0.0001 708
1747836951584 0.0001 709
1747836954854 0.0001 710
1747836956921 0.0001 711
1747836957311 0.0001 712
1747836957699 0.0001 713
1747836960492 0.0001 714
1747836962459 0.0001 715
1747836962849 0.0001 716
1747836963240 0.0001 717
1747836963777 0.0001 718
1747836964551 0.0001 719
1747836965473 0.0001 720
1747836968288 0.0001 721
1747836968688 0.0001 722
1747836969081 0.0001 723
1747836971748 0.0001 724
1747836973681 0.0001 725
1747836974065 0.0001 726
1747836976241 0.0001 727
1747836976639 0.0001 728
1747836979016 0.0001 729
1747836981015 0.0001 730
1747836981410 0.0001 731
1747836983935 0.0001 732
1747836984334 0.0001 733
1747836986450 0.0001 734
1747836988200 0.0001 735
1747836989790 0.0001 736
1747837012112 0.0001 737
1747837013113 0.0001 738
1747837015918 0.0001 739
1747837017692 0.0001 740
1747837018100 0.0001 741
1747837020599 0.0001 742
1747837020985 0.0001 743
1747837023380 0.0001 744
1747837025492 0.0001 745
1747837025889 0.0001 746
1747837026283 0.0001 747
1747837029099 0.0001 748
1747837029487 0.0001 749
1747837031607 0.0001 750
1747837032005 0.0001 751
1747837034138 0.0001 752
1747837034548 0.0001 753
1747837037132 0.0001 754
1747837037520 0.0001 755
1747837040017 0.0001 756
1747837042184 0.0001 757
1747837042579 0.0001 758
1747837042961 0.0001 759
1747837043476 0.0001 760
1747837046695 0.0001 761
1747837047104 0.0001 762
1747837047492 0.0001 763
1747837049860 0.0001 764
1747837050256 0.0001 765
1747837050642 0.0001 766
1747837051049 0.0001 767
1747837051804 0.0001 768
1747837052752 0.0001 769
1747837053606 0.0001 770
1747837054384 0.0001 771
1747837055180 0.0001 772
1747837058434 0.0001 773
1747837058834 0.0001 774
1747837059215 0.0001 775
1747837059728 0.0001 776
1747837060440 0.0001 777
1747837061427 0.0001 778
1747837062123 0.0001 779
1747837065084 0.0001 780
1747837066725 0.0001 781
1747837068432 0.0001 782
1747837090030 0.0001 783
1747837092873 0.0001 784
1747837093291 0.0001 785
1747837095988 0.0001 786
1747837096373 0.0001 787
1747837096781 0.0001 788
1747837097332 0.0001 789
1747837100257 0.0001 790
1747837100663 0.0001 791
1747837101052 0.0001 792
1747837101585 0.0001 793
1747837102520 0.0001 794
1747837103496 0.0001 795
1747837104290 0.0001 796
1747837105220 0.0001 797
1747837109088 0.0001 798
1747837109482 0.0001 799
1747837112074 0.0001 800
1747837112471 0.0001 801
1747837114777 0.0001 802
1747837116599 0.0001 803
1747837116990 0.0001 804
1747837117365 0.0001 805
1747837119979 0.0001 806
1747837122004 0.0001 807
1747837122392 0.0001 808
1747837124546 0.0001 809
1747837124938 0.0001 810
1747837125330 0.0001 811
1747837125893 0.0001 812
1747837126674 0.0001 813
1747837127469 0.0001 814
1747837128183 0.0001 815
1747837128969 0.0001 816
1747837129702 0.0001 817
1747837130494 0.0001 818
1747837131430 0.0001 819
1747837134885 0.0001 820
1747837135276 0.0001 821
1747837135664 0.0001 822
1747837136213 0.0001 823
1747837139235 0.0001 824
1747837141324 0.0001 825
1747837143446 0.0001 826
1747837143822 0.0001 827
1747837144182 0.0001 828
1747837168024 0.0001 829
1747837168413 0.0001 830
1747837168815 0.0001 831
1747837171661 0.0001 832
1747837172045 0.0001 833
1747837174185 0.0001 834
1747837174581 0.0001 835
1747837174975 0.0001 836
1747837175602 0.0001 837
1747837176333 0.0001 838
1747837179456 0.0001 839
1747837181646 0.0001 840
1747837183865 0.0001 841
1747837185981 0.0001 842
1747837186371 0.0001 843
1747837186742 0.0001 844
1747837189674 0.0001 845
1747837190067 0.0001 846
1747837190457 0.0001 847
1747837193482 0.0001 848
1747837193872 0.0001 849
1747837196465 0.0001 850
1747837196856 0.0001 851
1747837197244 0.0001 852
1747837197784 0.0001 853
1747837201714 0.0001 854
1747837203858 0.0001 855
1747837204236 0.0001 856
1747837206375 0.0001 857
1747837206766 0.0001 858
1747837208929 0.0001 859
1747837211172 0.0001 860
1747837211548 0.0001 861
1747837213722 0.0001 862
1747837215956 0.0001 863
1747837218094 0.0001 864
1747837218481 0.0001 865
1747837220964 0.0001 866
1747837221353 0.0001 867
1747837221793 0.0001 868
1747837222497 0.0001 869
1747837223239 0.0001 870
1747837224145 0.0001 871
1747837227433 0.0001 872
1747837227797 0.0001 873
1747837229150 0.0001 874
1747837251111 0.0001 875
1747837254040 0.0001 876
1747837254419 0.0001 877
1747837254804 0.0001 878
1747837255191 0.0001 879
1747837256203 0.0001 880
1747837256990 0.0001 881
1747837260356 0.0001 882
1747837260760 0.0001 883
1747837263259 0.0001 884
1747837265106 0.0001 885
1747837267155 0.0001 886
1747837269258 0.0001 887
1747837271349 0.0001 888
1747837273117 0.0001 889
1747837274958 0.0001 890
1747837277194 0.0001 891
1747837279415 0.0001 892
1747837279816 0.0001 893
1747837280210 0.0001 894
1747837280619 0.0001 895
1747837281458 0.0001 896
1747837282280 0.0001 897
1747837283102 0.0001 898
1747837285697 0.0001 899
1747837287611 0.0001 900
1747837288007 0.0001 901
1747837290220 0.0001 902
1747837290623 0.0001 903
1747837292840 0.0001 904
1747837294904 0.0001 905
1747837295292 0.0001 906
1747837297798 0.0001 907
1747837299953 0.0001 908
1747837300358 0.0001 909
1747837302925 0.0001 910
1747837305042 0.0001 911
1747837305433 0.0001 912
1747837308041 0.0001 913
1747837310121 0.0001 914
1747837310514 0.0001 915
1747837310900 0.0001 916
1747837313543 0.0001 917
1747837313954 0.0001 918
1747837314328 0.0001 919
1747837316230 0.0001 920
1747837340632 0.0001 921
1747837342720 0.0001 922
1747837343110 0.0001 923
1747837343515 0.0001 924
1747837344099 0.0001 925
1747837347423 0.0001 926
1747837347816 0.0001 927
1747837348233 0.0001 928
1747837350622 0.0001 929
1747837353212 0.0001 930
1747837355117 0.0001 931
1747837356936 0.0001 932
1747837357326 0.0001 933
1747837359533 0.0001 934
1747837359940 0.0001 935
1747837360337 0.0001 936
1747837363230 0.0001 937
1747837365231 0.0001 938
1747837365613 0.0001 939
1747837368222 0.0001 940
1747837368622 0.0001 941
1747837369009 0.0001 942
1747837372006 0.0001 943
1747837375050 0.0001 944
1747837377145 0.0001 945
1747837377534 0.0001 946
1747837380411 0.0001 947
1747837380808 0.0001 948
1747837381191 0.0001 949
1747837381741 0.0001 950
1747837382701 0.0001 951
1747837383700 0.0001 952
1747837384665 0.0001 953
1747837388016 0.0001 954
1747837388410 0.0001 955
1747837388792 0.0001 956
1747837391428 0.0001 957
1747837391810 0.0001 958
1747837392197 0.0001 959
1747837394573 0.0001 960
1747837396568 0.0001 961
1747837398613 0.0001 962
1747837400562 0.0001 963
1747837400956 0.0001 964
1747837403108 0.0001 965
1747837404766 0.0001 966
1747837427829 0.0001 967
1747837428785 0.0001 968
1747837429749 0.0001 969
1747837433011 0.0001 970
1747837433408 0.0001 971
1747837435435 0.0001 972
1747837435816 0.0001 973
1747837438408 0.0001 974
1747837438812 0.0001 975
1747837441522 0.0001 976
1747837441933 0.0001 977
1747837444578 0.0001 978
1747837444972 0.0001 979
1747837447095 0.0001 980
1747837447483 0.0001 981
1747837447865 0.0001 982
1747837451009 0.0001 983
1747837451401 0.0001 984
1747837451787 0.0001 985
1747837452182 0.0001 986
1747837453142 0.0001 987
1747837454109 0.0001 988
1747837455033 0.0001 989
1747837455831 0.0001 990
1747837459385 0.0001 991
1747837461802 0.0001 992
1747837462191 0.0001 993
1747837462600 0.0001 994
1747837462968 0.0001 995
1747837463925 0.0001 996
1747837464864 0.0001 997
1747837465686 0.0001 998
1747837469197 0.0001 999
1747837469589 0.0001 1000
1747837469976 0.0001 1001
1747837470345 0.0001 1002
1747837471287 0.0001 1003
1747837474561 0.0001 1004
1747837476418 0.0001 1005
1747837478298 0.0001 1006
1747837480431 0.0001 1007
1747837480823 0.0001 1008
1747837481217 0.0001 1009
1747837484313 0.0001 1010
1747837484690 0.0001 1011
1747837485055 0.0001 1012
1747837510186 0.0001 1013
1747837510579 0.0001 1014
1747837510986 0.0001 1015
1747837511369 0.0001 1016
1747837514782 0.0001 1017
1747837516777 0.0001 1018
1747837518618 0.0001 1019
1747837519009 0.0001 1020
1747837521427 0.0001 1021
1747837523568 0.0001 1022
1747837523960 0.0001 1023
1747837524384 0.0001 1024
1747837524927 0.0001 1025
1747837525698 0.0001 1026
1747837528421 0.0001 1027
1747837530547 0.0001 1028
1747837532628 0.0001 1029
1747837535105 0.0001 1030
1747837535493 0.0001 1031
1747837535881 0.0001 1032
1747837536493 0.0001 1033
1747837537484 0.0001 1034
1747837538417 0.0001 1035
1747837539160 0.0001 1036
1747837542496 0.0001 1037
1747837542896 0.0001 1038
1747837545054 0.0001 1039
1747837545442 0.0001 1040
1747837547969 0.0001 1041
1747837549983 0.0001 1042
1747837552039 0.0001 1043
1747837554266 0.0001 1044
1747837554659 0.0001 1045
1747837555039 0.0001 1046
1747837557780 0.0001 1047
1747837558179 0.0001 1048
1747837560921 0.0001 1049
1747837563281 0.0001 1050
1747837563676 0.0001 1051
1747837566476 0.0001 1052
1747837566853 0.0001 1053
1747837567243 0.0001 1054
1747837567654 0.0001 1055
1747837568429 0.0001 1056
1747837569387 0.0001 1057
1747837571494 0.0001 1058
1747837596871 0.0001 1059
1747837597252 0.0001 1060
1747837597644 0.0001 1061
1747837598047 0.0001 1062
1747837599004 0.0001 1063
1747837601752 0.0001 1064
1747837602146 0.0001 1065
1747837602529 0.0001 1066
1747837603191 0.0001 1067
1747837603983 0.0001 1068
1747837604933 0.0001 1069
1747837605719 0.0001 1070
1747837606728 0.0001 1071
1747837607696 0.0001 1072
1747837610938 0.0001 1073
1747837611332 0.0001 1074
1747837611746 0.0001 1075
1747837612122 0.0001 1076
1747837615195 0.0001 1077
1747837617170 0.0001 1078
1747837617560 0.0001 1079
1747837620039 0.0001 1080
1747837620432 0.0001 1081
1747837622842 0.0001 1082
1747837623229 0.0001 1083
1747837623624 0.0001 1084
1747837624006 0.0001 1085
1747837624944 0.0001 1086
1747837625705 0.0001 1087
1747837626492 0.0001 1088
1747837629666 0.0001 1089
1747837630052 0.0001 1090
1747837630446 0.0001 1091
1747837631030 0.0001 1092
1747837631821 0.0001 1093
1747837632798 0.0001 1094
1747837633582 0.0001 1095
1747837634361 0.0001 1096
1747837635331 0.0001 1097
1747837638961 0.0001 1098
1747837641193 0.0001 1099
1747837641591 0.0001 1100
1747837641989 0.0001 1101
1747837642358 0.0001 1102
1747837643144 0.0001 1103
1747837643905 0.0001 1104
1747837668522 0.0001 1105
1747837668905 0.0001 1106
1747837669300 0.0001 1107
1747837669669 0.0001 1108
1747837670391 0.0001 1109
1747837673317 0.0001 1110
1747837673743 0.0001 1111
1747837676121 0.0001 1112
1747837678181 0.0001 1113
1747837678577 0.0001 1114
1747837681225 0.0001 1115
1747837681608 0.0001 1116
1747837684135 0.0001 1117
1747837686071 0.0001 1118
1747837686468 0.0001 1119
1747837688471 0.0001 1120
1747837690642 0.0001 1121
1747837691016 0.0001 1122
1747837691408 0.0001 1123
1747837691792 0.0001 1124
1747837695104 0.0001 1125
1747837695498 0.0001 1126
1747837697809 0.0001 1127
1747837698196 0.0001 1128
1747837700280 0.0001 1129
1747837700659 0.0001 1130
1747837703232 0.0001 1131
1747837703606 0.0001 1132
1747837706225 0.0001 1133
1747837706599 0.0001 1134
1747837708948 0.0001 1135
1747837709340 0.0001 1136
1747837709745 0.0001 1137
1747837710110 0.0001 1138
1747837711041 0.0001 1139
1747837714332 0.0001 1140
1747837714708 0.0001 1141
1747837715104 0.0001 1142
1747837717632 0.0001 1143
1747837719612 0.0001 1144
1747837720001 0.0001 1145
1747837720379 0.0001 1146
1747837720940 0.0001 1147
1747837721823 0.0001 1148
1747837722541 0.0001 1149
1747837724696 0.0001 1150
1747837746897 0.0001 1151
1747837747659 0.0001 1152
1747837750562 0.0001 1153
1747837750970 0.0001 1154
1747837754068 0.0001 1155
1747837756206 0.0001 1156
1747837756590 0.0001 1157
1747837758842 0.0001 1158
1747837760765 0.0001 1159
1747837761155 0.0001 1160
1747837761554 0.0001 1161
1747837764262 0.0001 1162
1747837764650 0.0001 1163
1747837765053 0.0001 1164
1747837765433 0.0001 1165
1747837766187 0.0001 1166
1747837768876 0.0001 1167
1747837769262 0.0001 1168
1747837771887 0.0001 1169
1747837772281 0.0001 1170
1747837774718 0.0001 1171
1747837775097 0.0001 1172
1747837775503 0.0001 1173
1747837778281 0.0001 1174
1747837780392 0.0001 1175
1747837780779 0.0001 1176
1747837781190 0.0001 1177
1747837781564 0.0001 1178
1747837782275 0.0001 1179
1747837785643 0.0001 1180
1747837787696 0.0001 1181
1747837790078 0.0001 1182
1747837792094 0.0001 1183
1747837794083 0.0001 1184
1747837795967 0.0001 1185
1747837796366 0.0001 1186
1747837796757 0.0001 1187
1747837799355 0.0001 1188
1747837801758 0.0001 1189
1747837803833 0.0001 1190
1747837804220 0.0001 1191
1747837807045 0.0001 1192
1747837809285 0.0001 1193
1747837809662 0.0001 1194
1747837810079 0.0001 1195
1747837810442 0.0001 1196
1747837835027 0.0001 1197
1747837836865 0.0001 1198
1747837837254 0.0001 1199
1747837837670 0.0001 1200
1747837840632 0.0001 1201
1747837841014 0.0001 1202
1747837841388 0.0001 1203
1747837844265 0.0001 1204
1747837844639 0.0001 1205
1747837845016 0.0001 1206
1747837845410 0.0001 1207
1747837848981 0.0001 1208
1747837849372 0.0001 1209
1747837849763 0.0001 1210
1747837852482 0.0001 1211
1747837852879 0.0001 1212
1747837853289 0.0001 1213
1747837853860 0.0001 1214
1747837854566 0.0001 1215
1747837855276 0.0001 1216
1747837858487 0.0001 1217
1747837858874 0.0001 1218
1747837860888 0.0001 1219
1747837861274 0.0001 1220
1747837861666 0.0001 1221
1747837864461 0.0001 1222
1747837866956 0.0001 1223
1747837868778 0.0001 1224
1747837870616 0.0001 1225
1747837872561 0.0001 1226
1747837872957 0.0001 1227
1747837875230 0.0001 1228
1747837875625 0.0001 1229
1747837876021 0.0001 1230
1747837878376 0.0001 1231
1747837880297 0.0001 1232
1747837880687 0.0001 1233
1747837881074 0.0001 1234
1747837883927 0.0001 1235
1747837884329 0.0001 1236
1747837884725 0.0001 1237
1747837885330 0.0001 1238
1747837886267 0.0001 1239
1747837887000 0.0001 1240
1747837889770 0.0001 1241
1747837891245 0.0001 1242
1747837913483 0.0001 1243
1747837916671 0.0001 1244
1747837917051 0.0001 1245
1747837917435 0.0001 1246
1747837917892 0.0001 1247
1747837918846 0.0001 1248
1747837922082 0.0001 1249
1747837924129 0.0001 1250
1747837924533 0.0001 1251
1747837924924 0.0001 1252
1747837925311 0.0001 1253
1747837928463 0.0001 1254
1747837930615 0.0001 1255
1747837931002 0.0001 1256
1747837931404 0.0001 1257
1747837931775 0.0001 1258
1747837932511 0.0001 1259
1747837933272 0.0001 1260
1747837934051 0.0001 1261
1747837934805 0.0001 1262
1747837937418 0.0001 1263
1747837939931 0.0001 1264
1747837940324 0.0001 1265
1747837942590 0.0001 1266
1747837942970 0.0001 1267
1747837943368 0.0001 1268
1747837943836 0.0001 1269
1747837944746 0.0001 1270
1747837947400 0.0001 1271
1747837949188 0.0001 1272
1747837949586 0.0001 1273
1747837949973 0.0001 1274
1747837950550 0.0001 1275
1747837953009 0.0001 1276
1747837953400 0.0001 1277
1747837956042 0.0001 1278
1747837956436 0.0001 1279
1747837956826 0.0001 1280
1747837959618 0.0001 1281
1747837960007 0.0001 1282
1747837962582 0.0001 1283
1747837964675 0.0001 1284
1747837965072 0.0001 1285
1747837967349 0.0001 1286
1747837967734 0.0001 1287
1747837968102 0.0001 1288
1747837992498 0.0001 1289
1747837994499 0.0001 1290
1747837994889 0.0001 1291
1747837996966 0.0001 1292
1747837997370 0.0001 1293
1747837999583 0.0001 1294
1747837999969 0.0001 1295
1747838000368 0.0001 1296
1747838000759 0.0001 1297
1747838001680 0.0001 1298
1747838004823 0.0001 1299
1747838006954 0.0001 1300
1747838007339 0.0001 1301
1747838007727 0.0001 1302
1747838010356 0.0001 1303
1747838013245 0.0001 1304
1747838013631 0.0001 1305
1747838014010 0.0001 1306
1747838014388 0.0001 1307
1747838015277 0.0001 1308
1747838018212 0.0001 1309
1747838020034 0.0001 1310
1747838021942 0.0001 1311
1747838022321 0.0001 1312
1747838022703 0.0001 1313
1747838023118 0.0001 1314
1747838025780 0.0001 1315
1747838026216 0.0001 1316
1747838026619 0.0001 1317
1747838027101 0.0001 1318
1747838030211 0.0001 1319
1747838030601 0.0001 1320
1747838033035 0.0001 1321
1747838033430 0.0001 1322
1747838033802 0.0001 1323
1747838036787 0.0001 1324
1747838037165 0.0001 1325
1747838037556 0.0001 1326
1747838038167 0.0001 1327
1747838038974 0.0001 1328
1747838042564 0.0001 1329
1747838042975 0.0001 1330
1747838043344 0.0001 1331
1747838046024 0.0001 1332
1747838047708 0.0001 1333
1747838048063 0.0001 1334
1747838070196 0.0001 1335
1747838072807 0.0001 1336
1747838074856 0.0001 1337
1747838076812 0.0001 1338
1747838077189 0.0001 1339
1747838079805 0.0001 1340
1747838080182 0.0001 1341
1747838080575 0.0001 1342
1747838083388 0.0001 1343
1747838083796 0.0001 1344
1747838086412 0.0001 1345
1747838086788 0.0001 1346
1747838087190 0.0001 1347
1747838087562 0.0001 1348
1747838090592 0.0001 1349
1747838091005 0.0001 1350
1747838093109 0.0001 1351
1747838093490 0.0001 1352
1747838093883 0.0001 1353
1747838094471 0.0001 1354
1747838097564 0.0001 1355
1747838099514 0.0001 1356
1747838099906 0.0001 1357
1747838100295 0.0001 1358
1747838100866 0.0001 1359
1747838101844 0.0001 1360
1747838102581 0.0001 1361
1747838103364 0.0001 1362
1747838104107 0.0001 1363
1747838104874 0.0001 1364
1747838105565 0.0001 1365
1747838108750 0.0001 1366
1747838109139 0.0001 1367
1747838109524 0.0001 1368
1747838109931 0.0001 1369
1747838110841 0.0001 1370
1747838113414 0.0001 1371
1747838113824 0.0001 1372
1747838114230 0.0001 1373
1747838116938 0.0001 1374
1747838117334 0.0001 1375
1747838117718 0.0001 1376
1747838118118 0.0001 1377
1747838120909 0.0001 1378
1747838121288 0.0001 1379
1747838121656 0.0001 1380
1747838143969 0.0001 1381
1747838146963 0.0001 1382
1747838149477 0.0001 1383
1747838151630 0.0001 1384
1747838152016 0.0001 1385
1747838152395 0.0001 1386
1747838152993 0.0001 1387
1747838155497 0.0001 1388
1747838155884 0.0001 1389
1747838156285 0.0001 1390
1747838158778 0.0001 1391
1747838160838 0.0001 1392
1747838162619 0.0001 1393
1747838164794 0.0001 1394
1747838165173 0.0001 1395
1747838165559 0.0001 1396
1747838168206 0.0001 1397
1747838170166 0.0001 1398
1747838172752 0.0001 1399
1747838174582 0.0001 1400
1747838174977 0.0001 1401
1747838175369 0.0001 1402
1747838178188 0.0001 1403
1747838178577 0.0001 1404
1747838181186 0.0001 1405
1747838181580 0.0001 1406
1747838181994 0.0001 1407
1747838182544 0.0001 1408
1747838183276 0.0001 1409
1747838184202 0.0001 1410
1747838184918 0.0001 1411
1747838187974 0.0001 1412
1747838189958 0.0001 1413
1747838190346 0.0001 1414
1747838190745 0.0001 1415
1747838191233 0.0001 1416
1747838191983 0.0001 1417
1747838192718 0.0001 1418
1747838193466 0.0001 1419
1747838196345 0.0001 1420
1747838198407 0.0001 1421
1747838200363 0.0001 1422
1747838200746 0.0001 1423
1747838202885 0.0001 1424
1747838204233 0.0001 1425
1747838205722 0.0001 1426
1747838229807 0.0001 1427
1747838230195 0.0001 1428
1747838232248 0.0001 1429
1747838234214 0.0001 1430
1747838236775 0.0001 1431
1747838238756 0.0001 1432
1747838241329 0.0001 1433
1747838243134 0.0001 1434
1747838243532 0.0001 1435
1747838245495 0.0001 1436
1747838247400 0.0001 1437
1747838249108 0.0001 1438
1747838249498 0.0001 1439
1747838249902 0.0001 1440
1747838250293 0.0001 1441
1747838250829 0.0001 1442
1747838253912 0.0001 1443
1747838255727 0.0001 1444
1747838256110 0.0001 1445
1747838256507 0.0001 1446
1747838256895 0.0001 1447
1747838257759 0.0001 1448
1747838258446 0.0001 1449
1747838261571 0.0001 1450
1747838263441 0.0001 1451
1747838265469 0.0001 1452
1747838265856 0.0001 1453
1747838268158 0.0001 1454
1747838268528 0.0001 1455
1747838268912 0.0001 1456
1747838270922 0.0001 1457
1747838272938 0.0001 1458
1747838274789 0.0001 1459
1747838275177 0.0001 1460
1747838277348 0.0001 1461
1747838277738 0.0001 1462
1747838278131 0.0001 1463
1747838280303 0.0001 1464
1747838280685 0.0001 1465
1747838282910 0.0001 1466
1747838284881 0.0001 1467
1747838285264 0.0001 1468
1747838285669 0.0001 1469
1747838288015 0.0001 1470
1747838288389 0.0001 1471
1747838288755 0.0001 1472
1747838309803 0.0001 1473
1747838310574 0.0001 1474
1747838313164 0.0001 1475
1747838314915 0.0001 1476
1747838315304 0.0001 1477
1747838317405 0.0001 1478
1747838319408 0.0001 1479
1747838321715 0.0001 1480
1747838322094 0.0001 1481
1747838322509 0.0001 1482
1747838325403 0.0001 1483
1747838325804 0.0001 1484
1747838326216 0.0001 1485
1747838328618 0.0001 1486
1747838329012 0.0001 1487
1747838329395 0.0001 1488
1747838330001 0.0001 1489
1747838330664 0.0001 1490
1747838331480 0.0001 1491
1747838334137 0.0001 1492
1747838334534 0.0001 1493
1747838334921 0.0001 1494
1747838336929 0.0001 1495
1747838338782 0.0001 1496
1747838340422 0.0001 1497
1747838342126 0.0001 1498
1747838343968 0.0001 1499
1747838344357 0.0001 1500
1747838344755 0.0001 1501
1747838346954 0.0001 1502
1747838347351 0.0001 1503
1747838349743 0.0001 1504
1747838350128 0.0001 1505
1747838350519 0.0001 1506
1747838350912 0.0001 1507
1747838351494 0.0001 1508
1747838352329 0.0001 1509
1747838355225 0.0001 1510
1747838355603 0.0001 1511
1747838356008 0.0001 1512
1747838358157 0.0001 1513
1747838360150 0.0001 1514
1747838361886 0.0001 1515
1747838362281 0.0001 1516
1747838364030 0.0001 1517
1747838365450 0.0001 1518
1747838386601 0.0001 1519
1747838389323 0.0001 1520
1747838391423 0.0001 1521
1747838391805 0.0001 1522
1747838392210 0.0001 1523
1747838392604 0.0001 1524
1747838393205 0.0001 1525
1747838393983 0.0001 1526
1747838397095 0.0001 1527
1747838399230 0.0001 1528
1747838399618 0.0001 1529
1747838401835 0.0001 1530
1747838402226 0.0001 1531
1747838402610 0.0001 1532
1747838404785 0.0001 1533
1747838406714 0.0001 1534
1747838407099 0.0001 1535
1747838407492 0.0001 1536
1747838407869 0.0001 1537
1747838408606 0.0001 1538
1747838411341 0.0001 1539
1747838413235 0.0001 1540
1747838415348 0.0001 1541
1747838417270 0.0001 1542
1747838417665 0.0001 1543
1747838419861 0.0001 1544
1747838421970 0.0001 1545
1747838422356 0.0001 1546
1747838422744 0.0001 1547
1747838425312 0.0001 1548
1747838427329 0.0001 1549
1747838427722 0.0001 1550
1747838430114 0.0001 1551
1747838430487 0.0001 1552
1747838430885 0.0001 1553
1747838433899 0.0001 1554
1747838435811 0.0001 1555
1747838437809 0.0001 1556
1747838439945 0.0001 1557
1747838441811 0.0001 1558
1747838443815 0.0001 1559
1747838445817 0.0001 1560
1747838446193 0.0001 1561
1747838446588 0.0001 1562
1747838448552 0.0001 1563
1747838448936 0.0001 1564
1747838469574 0.0001 1565
1747838470208 0.0001 1566
1747838473272 0.0001 1567
1747838475025 0.0001 1568
1747838475423 0.0001 1569
1747838477645 0.0001 1570
1747838478041 0.0001 1571
1747838478457 0.0001 1572
1747838478868 0.0001 1573
1747838481424 0.0001 1574
1747838481835 0.0001 1575
1747838482218 0.0001 1576
1747838482786 0.0001 1577
1747838483624 0.0001 1578
1747838484378 0.0001 1579
1747838485010 0.0001 1580
1747838488093 0.0001 1581
1747838489817 0.0001 1582
1747838491880 0.0001 1583
1747838492273 0.0001 1584
1747838492650 0.0001 1585
1747838493233 0.0001 1586
1747838493913 0.0001 1587
1747838496483 0.0001 1588
1747838498413 0.0001 1589
1747838498803 0.0001 1590
1747838501121 0.0001 1591
1747838503060 0.0001 1592
1747838503446 0.0001 1593
1747838503859 0.0001 1594
1747838504402 0.0001 1595
1747838505227 0.0001 1596
1747838507706 0.0001 1597
1747838508081 0.0001 1598
1747838510166 0.0001 1599
1747838512296 0.0001 1600
1747838512696 0.0001 1601
1747838513091 0.0001 1602
1747838513490 0.0001 1603
1747838514197 0.0001 1604
1747838516851 0.0001 1605
1747838517243 0.0001 1606
1747838517647 0.0001 1607
1747838520483 0.0001 1608
1747838520856 0.0001 1609
1747838521217 0.0001 1610
1747838544602 0.0001 1611
1747838544988 0.0001 1612
1747838545365 0.0001 1613
1747838547736 0.0001 1614
1747838548125 0.0001 1615
1747838548506 0.0001 1616
1747838548941 0.0001 1617
1747838551846 0.0001 1618
1747838552232 0.0001 1619
1747838554438 0.0001 1620
1747838556478 0.0001 1621
1747838556869 0.0001 1622
1747838557258 0.0001 1623
1747838557704 0.0001 1624
1747838558482 0.0001 1625
1747838561245 0.0001 1626
1747838561633 0.0001 1627
1747838564172 0.0001 1628
1747838564553 0.0001 1629
1747838566732 0.0001 1630
1747838567118 0.0001 1631
1747838567525 0.0001 1632
1747838567904 0.0001 1633
1747838568734 0.0001 1634
1747838569365 0.0001 1635
1747838570175 0.0001 1636
1747838570849 0.0001 1637
1747838571458 0.0001 1638
1747838572150 0.0001 1639
1747838572792 0.0001 1640
1747838575376 0.0001 1641
1747838575761 0.0001 1642
1747838576162 0.0001 1643
1747838576540 0.0001 1644
1747838577173 0.0001 1645
1747838577906 0.0001 1646
1747838578679 0.0001 1647
1747838579472 0.0001 1648
1747838580290 0.0001 1649
1747838582845 0.0001 1650
1747838583233 0.0001 1651
1747838585362 0.0001 1652
1747838585739 0.0001 1653
1747838586138 0.0001 1654
1747838588056 0.0001 1655
1747838589509 0.0001 1656
1747838610740 0.0001 1657
1747838613627 0.0001 1658
1747838615623 0.0001 1659
1747838617786 0.0001 1660
1747838619692 0.0001 1661
1747838621819 0.0001 1662
1747838623548 0.0001 1663
1747838625587 0.0001 1664
1747838625984 0.0001 1665
1747838626362 0.0001 1666
1747838626842 0.0001 1667
1747838627759 0.0001 1668
1747838628569 0.0001 1669
1747838631490 0.0001 1670
1747838631864 0.0001 1671
1747838632256 0.0001 1672
1747838632639 0.0001 1673
1747838633399 0.0001 1674
1747838636064 0.0001 1675
1747838636470 0.0001 1676
1747838636867 0.0001 1677
1747838637242 0.0001 1678
1747838639649 0.0001 1679
1747838640026 0.0001 1680
1747838640424 0.0001 1681
1747838640810 0.0001 1682
1747838643316 0.0001 1683
1747838643692 0.0001 1684
1747838644073 0.0001 1685
1747838644688 0.0001 1686
1747838647941 0.0001 1687
1747838649950 0.0001 1688
1747838650336 0.0001 1689
1747838650736 0.0001 1690
1747838653857 0.0001 1691
1747838655980 0.0001 1692
1747838657707 0.0001 1693
1747838659613 0.0001 1694
1747838661576 0.0001 1695
1747838663540 0.0001 1696
1747838663930 0.0001 1697
1747838666605 0.0001 1698
1747838668738 0.0001 1699
1747838670616 0.0001 1700
1747838671915 0.0001 1701
1747838673498 0.0001 1702
1747838695156 0.0001 1703
1747838695935 0.0001 1704
1747838696695 0.0001 1705
1747838698956 0.0001 1706
1747838701032 0.0001 1707
1747838702945 0.0001 1708
1747838704649 0.0001 1709
1747838705040 0.0001 1710
1747838705424 0.0001 1711
1747838707858 0.0001 1712
1747838708257 0.0001 1713
1747838710622 0.0001 1714
1747838711031 0.0001 1715
1747838713148 0.0001 1716
1747838713541 0.0001 1717
1747838713930 0.0001 1718
1747838714301 0.0001 1719
1747838715236 0.0001 1720
1747838717710 0.0001 1721
1747838719491 0.0001 1722
1747838719878 0.0001 1723
1747838722411 0.0001 1724
1747838722800 0.0001 1725
1747838725336 0.0001 1726
1747838725731 0.0001 1727
1747838726121 0.0001 1728
1747838728592 0.0001 1729
1747838728981 0.0001 1730
1747838729370 0.0001 1731
1747838729849 0.0001 1732
1747838732585 0.0001 1733
1747838734681 0.0001 1734
1747838735066 0.0001 1735
1747838735451 0.0001 1736
1747838737823 0.0001 1737
1747838738221 0.0001 1738
1747838740187 0.0001 1739
1747838740572 0.0001 1740
1747838742802 0.0001 1741
1747838744666 0.0001 1742
1747838746524 0.0001 1743
1747838746913 0.0001 1744
1747838749429 0.0001 1745
1747838749817 0.0001 1746
1747838751572 0.0001 1747
1747838751942 0.0001 1748
1747838772806 0.0001 1749
1747838775413 0.0001 1750
1747838775814 0.0001 1751
1747838778416 0.0001 1752
1747838778793 0.0001 1753
1747838779190 0.0001 1754
1747838779587 0.0001 1755
1747838780222 0.0001 1756
1747838782947 0.0001 1757
1747838783339 0.0001 1758
1747838783739 0.0001 1759
1747838784126 0.0001 1760
1747838788182 0.0001 1761
1747838788573 0.0001 1762
1747838788977 0.0001 1763
1747838789359 0.0001 1764
1747838792211 0.0001 1765
1747838792590 0.0001 1766
1747838793008 0.0001 1767
1747838793416 0.0001 1768
1747838794013 0.0001 1769
1747838796730 0.0001 1770
1747838797119 0.0001 1771
1747838797547 0.0001 1772
1747838799692 0.0001 1773
1747838800080 0.0001 1774
1747838800481 0.0001 1775
1747838800865 0.0001 1776
1747838801662 0.0001 1777
1747838802440 0.0001 1778
1747838803436 0.0001 1779
1747838804171 0.0001 1780
1747838806865 0.0001 1781
1747838807271 0.0001 1782
1747838809798 0.0001 1783
1747838810179 0.0001 1784
1747838810573 0.0001 1785
1747838813380 0.0001 1786
1747838813779 0.0001 1787
1747838814201 0.0001 1788
1747838816448 0.0001 1789
1747838816831 0.0001 1790
1747838818928 0.0001 1791
1747838820862 0.0001 1792
1747838821232 0.0001 1793
1747838821594 0.0001 1794
1747838843338 0.0001 1795
1747838844225 0.0001 1796
1747838847374 0.0001 1797
1747838847765 0.0001 1798
1747838850134 0.0001 1799
1747838850531 0.0001 1800
1747838850947 0.0001 1801
1747838851337 0.0001 1802
1747838852247 0.0001 1803
1747838853003 0.0001 1804
1747838853743 0.0001 1805
1747838856778 0.0001 1806
1747838858663 0.0001 1807
1747838859057 0.0001 1808
1747838859451 0.0001 1809
1747838859823 0.0001 1810
1747838862988 0.0001 1811
1747838864683 0.0001 1812
1747838865073 0.0001 1813
1747838867149 0.0001 1814
1747838869224 0.0001 1815
1747838869610 0.0001 1816
1747838869998 0.0001 1817
1747838870525 0.0001 1818
1747838871264 0.0001 1819
1747838874513 0.0001 1820
1747838874903 0.0001 1821
1747838877078 0.0001 1822
1747838877480 0.0001 1823
1747838880131 0.0001 1824
1747838880524 0.0001 1825
1747838880915 0.0001 1826
1747838881299 0.0001 1827
1747838881965 0.0001 1828
1747838885155 0.0001 1829
1747838885538 0.0001 1830
1747838885915 0.0001 1831
1747838886459 0.0001 1832
1747838889361 0.0001 1833
1747838889748 0.0001 1834
1747838892359 0.0001 1835
1747838892747 0.0001 1836
1747838895143 0.0001 1837
1747838895528 0.0001 1838
1747838897192 0.0001 1839
1747838898614 0.0001 1840
1747838919802 0.0001 1841
1747838923166 0.0001 1842
1747838923551 0.0001 1843
1747838923940 0.0001 1844
1747838924315 0.0001 1845
1747838925230 0.0001 1846
1747838928089 0.0001 1847
1747838928478 0.0001 1848
1747838928860 0.0001 1849
1747838931250 0.0001 1850
1747838933424 0.0001 1851
1747838933811 0.0001 1852
1747838935729 0.0001 1853
1747838936120 0.0001 1854
1747838936523 0.0001 1855
1747838936918 0.0001 1856
1747838937720 0.0001 1857
1747838938636 0.0001 1858
1747838941721 0.0001 1859
1747838942103 0.0001 1860
1747838942497 0.0001 1861
1747838945169 0.0001 1862
1747838945546 0.0001 1863
1747838947542 0.0001 1864
1747838949643 0.0001 1865
1747838950011 0.0001 1866
1747838950380 0.0001 1867
1747838952881 0.0001 1868
1747838954907 0.0001 1869
1747838955288 0.0001 1870
1747838955682 0.0001 1871
1747838957907 0.0001 1872
1747838958296 0.0001 1873
1747838958703 0.0001 1874
1747838959143 0.0001 1875
1747838959894 0.0001 1876
1747838962381 0.0001 1877
1747838962760 0.0001 1878
1747838965058 0.0001 1879
1747838965444 0.0001 1880
1747838967710 0.0001 1881
1747838969852 0.0001 1882
1747838971705 0.0001 1883
1747838972100 0.0001 1884
1747838972495 0.0001 1885
1747838972850 0.0001 1886
1747838993496 0.0001 1887
1747838996532 0.0001 1888
1747838998475 0.0001 1889
1747839000565 0.0001 1890
1747839002647 0.0001 1891
1747839003031 0.0001 1892
1747839005514 0.0001 1893
1747839005901 0.0001 1894
1747839006311 0.0001 1895
1747839006877 0.0001 1896
1747839007598 0.0001 1897
1747839008280 0.0001 1898
1747839009905 0.0001 1899
1747839010291 0.0001 1900
1747839014061 0.0001 1901
1747839014456 0.0001 1902
1747839016299 0.0001 1903
1747839016685 0.0001 1904
1747839018873 0.0001 1905
1747839020553 0.0001 1906
1747839022410 0.0001 1907
1747839024603 0.0001 1908
1747839024998 0.0001 1909
1747839025388 0.0001 1910
1747839027661 0.0001 1911
1747839029640 0.0001 1912
1747839030032 0.0001 1913
1747839032063 0.0001 1914
1747839032457 0.0001 1915
1747839035153 0.0001 1916
1747839035547 0.0001 1917
1747839037503 0.0001 1918
1747839037888 0.0001 1919
1747839038284 0.0001 1920
1747839038954 0.0001 1921
1747839040059 0.0001 1922
1747839043082 0.0001 1923
1747839045197 0.0001 1924
1747839047133 0.0001 1925
1747839047522 0.0001 1926
1747839047912 0.0001 1927
1747839050912 0.0001 1928
1747839052795 0.0001 1929
1747839053180 0.0001 1930
1747839054715 0.0001 1931
1747839055085 0.0001 1932
1747839078102 0.0001 1933
1747839079794 0.0001 1934
1747839080186 0.0001 1935
1747839082890 0.0001 1936
1747839084878 0.0001 1937
1747839085261 0.0001 1938
1747839087362 0.0001 1939
1747839089394 0.0001 1940
1747839091095 0.0001 1941
1747839093182 0.0001 1942
1747839093571 0.0001 1943
1747839095987 0.0001 1944
1747839098195 0.0001 1945
1747839100168 0.0001 1946
1747839102174 0.0001 1947
1747839102550 0.0001 1948
1747839102953 0.0001 1949
1747839103328 0.0001 1950
1747839104078 0.0001 1951
1747839106870 0.0001 1952
1747839107264 0.0001 1953
1747839107661 0.0001 1954
1747839108053 0.0001 1955
1747839110919 0.0001 1956
1747839111319 0.0001 1957
1747839111702 0.0001 1958
1747839112158 0.0001 1959
1747839112915 0.0001 1960
1747839113804 0.0001 1961
1747839114580 0.0001 1962
1747839115445 0.0001 1963
1747839116314 0.0001 1964
1747839119220 0.0001 1965
1747839119606 0.0001 1966
1747839121616 0.0001 1967
1747839122008 0.0001 1968
1747839124270 0.0001 1969
1747839124656 0.0001 1970
1747839125030 0.0001 1971
1747839127142 0.0001 1972
1747839129123 0.0001 1973
1747839129538 0.0001 1974
1747839129969 0.0001 1975
1747839133083 0.0001 1976
1747839133460 0.0001 1977
1747839133829 0.0001 1978
1747839155464 0.0001 1979
1747839156393 0.0001 1980
1747839157074 0.0001 1981
1747839160313 0.0001 1982
1747839162215 0.0001 1983
1747839164057 0.0001 1984
1747839165930 0.0001 1985
1747839166318 0.0001 1986
1747839168514 0.0001 1987
1747839168910 0.0001 1988
1747839169319 0.0001 1989
1747839171996 0.0001 1990
1747839172395 0.0001 1991
1747839174582 0.0001 1992
1747839176421 0.0001 1993
1747839178013 0.0001 1994
1747839179804 0.0001 1995
1747839180199 0.0001 1996
1747839182161 0.0001 1997
1747839184155 0.0001 1998
1747839184544 0.0001 1999
1747839184958 0.0001 2000
1747839185431 0.0001 2001
1747839188080 0.0001 2002
1747839188482 0.0001 2003
1747839191095 0.0001 2004
1747839191469 0.0001 2005
1747839193663 0.0001 2006
1747839195369 0.0001 2007
1747839195778 0.0001 2008
1747839196149 0.0001 2009
1747839196603 0.0001 2010
1747839197338 0.0001 2011
1747839199853 0.0001 2012
1747839201790 0.0001 2013
1747839202181 0.0001 2014
1747839204199 0.0001 2015
1747839206031 0.0001 2016
1747839206439 0.0001 2017
1747839208569 0.0001 2018
1747839208939 0.0001 2019
1747839209335 0.0001 2020
1747839209805 0.0001 2021
1747839210565 0.0001 2022
1747839212671 0.0001 2023
1747839214113 0.0001 2024
1747839235008 0.0001 2025
1747839235797 0.0001 2026
1747839238809 0.0001 2027
1747839241283 0.0001 2028
1747839241683 0.0001 2029
1747839243808 0.0001 2030
1747839244198 0.0001 2031
1747839244595 0.0001 2032
1747839245062 0.0001 2033
1747839245784 0.0001 2034
1747839246484 0.0001 2035
1747839247340 0.0001 2036
1747839248204 0.0001 2037
1747839248985 0.0001 2038
1747839251584 0.0001 2039
1747839251987 0.0001 2040
1747839254345 0.0001 2041
1747839256171 0.0001 2042
1747839256544 0.0001 2043
1747839256941 0.0001 2044
1747839257307 0.0001 2045
1747839258079 0.0001 2046
1747839258976 0.0001 2047
1747839261815 0.0001 2048
1747839262229 0.0001 2049
1747839262612 0.0001 2050
1747839265451 0.0001 2051
1747839267491 0.0001 2052
1747839269230 0.0001 2053
1747839271126 0.0001 2054
1747839273122 0.0001 2055
1747839275152 0.0001 2056
1747839277199 0.0001 2057
1747839277589 0.0001 2058
1747839277980 0.0001 2059
1747839280480 0.0001 2060
1747839280877 0.0001 2061
1747839282889 0.0001 2062
1747839284713 0.0001 2063
1747839285112 0.0001 2064
1747839287348 0.0001 2065
1747839287752 0.0001 2066
1747839289894 0.0001 2067
1747839291904 0.0001 2068
1747839292273 0.0001 2069
1747839293591 0.0001 2070
1747839314260 0.0001 2071
1747839316919 0.0001 2072
1747839317319 0.0001 2073
1747839319852 0.0001 2074
1747839321852 0.0001 2075
1747839322240 0.0001 2076
1747839324831 0.0001 2077
1747839325205 0.0001 2078
1747839325579 0.0001 2079
1747839325979 0.0001 2080
1747839328673 0.0001 2081
1747839331225 0.0001 2082
1747839331621 0.0001 2083
1747839332019 0.0001 2084
1747839332491 0.0001 2085
1747839334749 0.0001 2086
1747839336796 0.0001 2087
1747839337180 0.0001 2088
1747839337556 0.0001 2089
1747839338075 0.0001 2090
1747839338837 0.0001 2091
1747839339636 0.0001 2092
1747839343080 0.0001 2093
1747839343500 0.0001 2094
1747839345409 0.0001 2095
1747839345805 0.0001 2096
1747839346200 0.0001 2097
1747839349172 0.0001 2098
1747839351037 0.0001 2099
1747839351426 0.0001 2100
1747839351826 0.0001 2101
1747839354358 0.0001 2102
1747839354754 0.0001 2103
1747839355147 0.0001 2104
1747839357429 0.0001 2105
1747839359218 0.0001 2106
1747839359600 0.0001 2107
1747839360003 0.0001 2108
1747839360466 0.0001 2109
1747839361381 0.0001 2110
1747839363981 0.0001 2111
1747839364384 0.0001 2112
1747839364774 0.0001 2113
1747839365150 0.0001 2114
1747839367401 0.0001 2115
1747839367773 0.0001 2116
1747839388864 0.0001 2117
1747839389485 0.0001 2118
1747839390193 0.0001 2119
1747839390977 0.0001 2120
1747839391740 0.0001 2121
1747839392403 0.0001 2122
1747839395251 0.0001 2123
1747839397247 0.0001 2124
1747839399137 0.0001 2125
1747839399542 0.0001 2126
1747839399943 0.0001 2127
1747839402628 0.0001 2128
1747839403028 0.0001 2129
1747839403425 0.0001 2130
1747839403809 0.0001 2131
1747839404506 0.0001 2132
1747839407246 0.0001 2133
1747839407653 0.0001 2134
1747839410035 0.0001 2135
1747839410409 0.0001 2136
1747839410803 0.0001 2137
1747839411192 0.0001 2138
1747839413743 0.0001 2139
1747839414121 0.0001 2140
1747839414511 0.0001 2141
1747839415082 0.0001 2142
1747839418210 0.0001 2143
1747839420274 0.0001 2144
1747839420666 0.0001 2145
1747839423097 0.0001 2146
1747839423489 0.0001 2147
1747839423870 0.0001 2148
1747839424259 0.0001 2149
1747839427596 0.0001 2150
1747839429730 0.0001 2151
1747839430124 0.0001 2152
1747839430512 0.0001 2153
1747839431000 0.0001 2154
1747839431855 0.0001 2155
1747839432671 0.0001 2156
1747839433533 0.0001 2157
1747839434302 0.0001 2158
1747839434973 0.0001 2159
1747839437927 0.0001 2160
1747839439441 0.0001 2161
1747839440754 0.0001 2162
1747839460951 0.0001 2163
1747839463640 0.0001 2164
1747839465656 0.0001 2165
1747839466039 0.0001 2166
1747839466447 0.0001 2167
1747839469032 0.0001 2168
1747839469430 0.0001 2169
1747839469821 0.0001 2170
1747839471757 0.0001 2171
1747839472149 0.0001 2172
1747839472527 0.0001 2173
1747839473112 0.0001 2174
1747839475659 0.0001 2175
1747839476038 0.0001 2176
1747839476428 0.0001 2177
1747839478488 0.0001 2178
1747839480311 0.0001 2179
1747839480711 0.0001 2180
1747839481096 0.0001 2181
1747839481571 0.0001 2182
1747839484357 0.0001 2183
1747839486469 0.0001 2184
1747839486855 0.0001 2185
1747839488945 0.0001 2186
1747839490808 0.0001 2187
1747839491201 0.0001 2188
1747839493561 0.0001 2189
1747839493937 0.0001 2190
1747839495909 0.0001 2191
1747839496304 0.0001 2192
1747839498331 0.0001 2193
1747839498708 0.0001 2194
1747839499103 0.0001 2195
1747839499696 0.0001 2196
1747839502594 0.0001 2197
1747839502996 0.0001 2198
1747839503387 0.0001 2199
1747839503926 0.0001 2200
1747839504914 0.0001 2201
1747839505580 0.0001 2202
1747839506267 0.0001 2203
1747839509005 0.0001 2204
1747839510964 0.0001 2205
1747839513087 0.0001 2206
1747839514466 0.0001 2207
1747839514841 0.0001 2208
1747839536652 0.0001 2209
1747839539570 0.0001 2210
1747839541443 0.0001 2211
1747839541844 0.0001 2212
1747839542242 0.0001 2213
1747839544331 0.0001 2214
1747839544703 0.0001 2215
1747839545102 0.0001 2216
1747839545495 0.0001 2217
1747839548754 0.0001 2218
1747839550842 0.0001 2219
1747839551242 0.0001 2220
1747839551659 0.0001 2221
1747839552152 0.0001 2222
1747839553120 0.0001 2223
1747839555395 0.0001 2224
1747839555798 0.0001 2225
1747839557902 0.0001 2226
1747839559675 0.0001 2227
1747839560058 0.0001 2228
1747839562052 0.0001 2229
1747839562421 0.0001 2230
1747839562835 0.0001 2231
1747839563408 0.0001 2232
1747839564194 0.0001 2233
1747839564926 0.0001 2234
1747839567935 0.0001 2235
1747839568315 0.0001 2236
1747839568715 0.0001 2237
1747839569087 0.0001 2238
1747839571984 0.0001 2239
1747839574138 0.0001 2240
1747839574522 0.0001 2241
1747839574932 0.0001 2242
1747839575341 0.0001 2243
1747839578190 0.0001 2244
1747839578582 0.0001 2245
1747839578972 0.0001 2246
1747839581185 0.0001 2247
1747839581584 0.0001 2248
1747839581964 0.0001 2249
1747839584285 0.0001 2250
1747839586258 0.0001 2251
1747839586639 0.0001 2252
1747839587025 0.0001 2253
1747839587406 0.0001 2254
1747839608574 0.0001 2255
1747839611765 0.0001 2256
1747839612170 0.0001 2257
1747839612557 0.0001 2258
1747839613087 0.0001 2259
1747839613855 0.0001 2260
1747839614523 0.0001 2261
1747839615229 0.0001 2262
1747839618369 0.0001 2263
1747839618769 0.0001 2264
1747839619167 0.0001 2265
1747839621218 0.0001 2266
1747839621598 0.0001 2267
1747839622007 0.0001 2268
1747839622474 0.0001 2269
1747839623248 0.0001 2270
1747839623945 0.0001 2271
1747839624594 0.0001 2272
1747839625309 0.0001 2273
1747839626089 0.0001 2274
1747839628887 0.0001 2275
1747839629279 0.0001 2276
1747839629674 0.0001 2277
1747839632372 0.0001 2278
1747839632745 0.0001 2279
1747839635025 0.0001 2280
1747839636922 0.0001 2281
1747839637301 0.0001 2282
1747839637690 0.0001 2283
1747839638138 0.0001 2284
1747839638805 0.0001 2285
1747839639585 0.0001 2286
1747839640310 0.0001 2287
1747839640987 0.0001 2288
1747839643742 0.0001 2289
1747839644128 0.0001 2290
1747839646785 0.0001 2291
1747839647167 0.0001 2292
1747839647566 0.0001 2293
1747839649857 0.0001 2294
1747839651629 0.0001 2295
1747839653423 0.0001 2296
1747839653797 0.0001 2297
1747839654212 0.0001 2298
1747839654633 0.0001 2299
1747839655473 0.0001 2300
