1747835772876 0.7146350145339966 1
1747835793077 0.7134525179862976 1
1747835853513 0.7278528809547424 2
1747835931304 0.7375913858413696 3
1747836009145 0.7176846861839294 4
1747836101848 0.7332767844200134 5
1747836183605 0.7527049779891968 6
1747836264414 0.77098149061203 7
1747836345812 0.7638903260231018 8
1747836417777 0.7465890645980835 9
1747836503376 0.7733315825462341 10
1747836585732 0.7854951024055481 11
1747836656994 0.7791606783866882 12
1747836746949 0.7866297364234924 13
1747836825330 0.7795652151107788 14
1747836908592 0.7876306772232056 15
1747836989796 0.7933593988418579 16
1747837068438 0.7626741528511047 17
1747837144188 0.7860450744628906 18
1747837229157 0.7898731231689453 19
1747837316236 0.7835506200790405 20
1747837404772 0.7600415945053101 21
1747837485061 0.7838829755783081 22
1747837571502 0.7779785394668579 23
1747837643912 0.7946462035179138 24
1747837724702 0.8041805028915405 25
1747837810448 0.8034538626670837 26
1747837891252 0.7944669127464294 27
1747837968109 0.801596462726593 28
1747838048073 0.7918031215667725 29
1747838121662 0.8028815984725952 30
1747838205728 0.8172561526298523 31
1747838288761 0.8050729632377625 32
1747838365455 0.8150777220726013 33
1747838448942 0.7798570394515991 34
1747838521222 0.8134093880653381 35
1747838589515 0.8198139071464539 36
1747838673504 0.8246492147445679 37
1747838751947 0.7725685238838196 38
1747838821601 0.805988073348999 39
1747838898620 0.8360943794250488 40
1747838972860 0.8307679295539856 41
1747839055091 0.8309697508811951 42
1747839133835 0.7962019443511963 43
1747839214119 0.8250735998153687 44
1747839293598 0.8317539095878601 45
1747839367778 0.7994533777236938 46
1747839440759 0.8014119863510132 47
1747839514848 0.8203780055046082 48
1747839587412 0.8062754273414612 49
1747839655479 0.8299754858016968 50
