1747835772876 0.9240800738334656 1
1747835793077 0.8049035668373108 1
1747835853513 0.9212648272514343 2
1747835931304 0.9049339294433594 3
1747836009145 0.9196734428405762 4
1747836101848 0.9133553504943848 5
1747836183605 0.9297612905502319 6
1747836264414 0.9352157711982727 7
1747836345812 0.9347485899925232 8
1747836417777 0.939291775226593 9
1747836503376 0.9417270421981812 10
1747836585732 0.9383852481842041 11
1747836656994 0.9391518235206604 12
1747836746949 0.9433373212814331 13
1747836825330 0.9399412274360657 14
1747836908592 0.9388667941093445 15
1747836989796 0.9373440742492676 16
1747837068438 0.9342632293701172 17
1747837144188 0.9338100552558899 18
1747837229157 0.9392014145851135 19
1747837316236 0.9366353750228882 20
1747837404772 0.9314948320388794 21
1747837485061 0.9408140778541565 22
1747837571502 0.9393245577812195 23
1747837643912 0.9412866830825806 24
1747837724702 0.9482601881027222 25
1747837810448 0.9427013397216797 26
1747837891252 0.9400414824485779 27
1747837968109 0.9423571228981018 28
1747838048073 0.9432159662246704 29
1747838121662 0.9384376406669617 30
1747838205728 0.9444954991340637 31
1747838288761 0.9455702304840088 32
1747838365455 0.9461220502853394 33
1747838448942 0.9371408224105835 34
1747838521222 0.9413145184516907 35
1747838589515 0.9464991092681885 36
1747838673504 0.9492426514625549 37
1747838751947 0.9313046932220459 38
1747838821601 0.9419678449630737 39
1747838898620 0.9472955465316772 40
1747838972860 0.9477235674858093 41
1747839055091 0.9519163966178894 42
1747839133835 0.9364761710166931 43
1747839214119 0.9459642171859741 44
1747839293598 0.9479172825813293 45
1747839367778 0.9365953207015991 46
1747839440759 0.9316955208778381 47
1747839514848 0.9401751160621643 48
1747839587412 0.9414529204368591 49
1747839655479 0.9438167810440063 50
