1747835772876 0.8542666435241699 1
1747835853513 0.858193576335907 2
1747835931304 0.8519536852836609 3
1747836009145 0.8530948758125305 4
1747836101848 0.8545894622802734 5
1747836183605 0.8698915243148804 6
1747836264414 0.8801666498184204 7
1747836345812 0.8781611323356628 8
1747836417777 0.8755645751953125 9
1747836503376 0.8851019740104675 10
1747836585732 0.887758195400238 11
1747836656994 0.8851470947265625 12
1747836746949 0.8910941481590271 13
1747836825330 0.8871548771858215 14
1747836908592 0.8892061710357666 15
1747836989796 0.8902975916862488 16
1747837068438 0.8768925666809082 17
1747837144188 0.8833178877830505 18
1747837229157 0.8902221322059631 19
1747837316236 0.886531412601471 20
1747837404772 0.874580979347229 21
1747837485061 0.8874264359474182 22
1747837571502 0.8854308128356934 23
1747837643912 0.8930706977844238 24
1747837724702 0.9007420539855957 25
1747837810448 0.8961281180381775 26
1747837891252 0.8920780420303345 27
1747837968109 0.895315945148468 28
1747838048073 0.8927082419395447 29
1747838121662 0.8948209881782532 30
1747838205728 0.902621328830719 31
1747838288761 0.8987194299697876 32
1747838365455 0.9029861092567444 33
1747838448942 0.8851180076599121 34
1747838521222 0.8995651602745056 35
1747838589515 0.9036632180213928 36
1747838673504 0.908084511756897 37
1747838751947 0.8795721530914307 38
1747838821601 0.8967734575271606 39
1747838898620 0.9100728034973145 40
1747838972860 0.908740758895874 41
1747839055091 0.9116601347923279 42
1747839133835 0.8911880850791931 43
1747839214119 0.9064410924911499 44
1747839293598 0.9102284908294678 45
1747839367778 0.8926849961280823 46
1747839440759 0.8891698718070984 47
1747839514848 0.9007004499435425 48
1747839587412 0.8958904147148132 49
1747839655479 0.9060412049293518 50
