1747685895093 0.8183496594429016 1
1747685905391 0.7130075693130493 1
1747685925829 0.8692840933799744 2
1747685958226 0.8501713871955872 3
1747685993000 0.8667261004447937 4
1747686023832 0.8600302934646606 5
1747686054384 0.8617229461669922 6
1747686092696 0.8623743653297424 7
1747686131758 0.8769882917404175 8
1747686168210 0.8709829449653625 9
1747686204121 0.8836591243743896 10
1747686234282 0.8795210719108582 11
1747686268919 0.8695217967033386 12
1747686302581 0.8692648410797119 13
1747686344087 0.883539617061615 14
1747686371751 0.8820520043373108 15
1747686404499 0.8880648612976074 16
1747686438460 0.8635101318359375 17
1747686473373 0.8878021240234375 18
1747686506587 0.884638249874115 19
1747686546567 0.8670546412467957 20
1747686585764 0.8972648978233337 21
1747686622034 0.8741189241409302 22
1747686659646 0.9013545513153076 23
1747686691263 0.8825080990791321 24
1747686723612 0.8857747316360474 25
1747686752628 0.8892781138420105 26
1747686789654 0.9003794193267822 27
1747686821271 0.880538284778595 28
1747686852487 0.8926510214805603 29
1747686888214 0.9025813341140747 30
1747686919673 0.8829377889633179 31
1747686951558 0.8960487842559814 32
1747686981253 0.8907272815704346 33
1747687016130 0.9007094502449036 34
1747687047573 0.906575083732605 35
1747687080736 0.8865247368812561 36
1747687113949 0.915777862071991 37
1747687146954 0.9126338958740234 38
1747687180738 0.9124236702919006 39
1747687220480 0.8810303211212158 40
1747687255514 0.9121354222297668 41
1747687288640 0.9192530512809753 42
1747687323098 0.919964075088501 43
1747687355986 0.9139958620071411 44
1747687382523 0.923730731010437 45
1747687415262 0.8971171975135803 46
1747687447788 0.9183014631271362 47
1747687481980 0.9064979553222656 48
1747687509918 0.8920332789421082 49
1747687542227 0.8888307809829712 50
