1747685866610 0.663489818572998 1
1747685869292 0.706433892250061 2
1747685869693 0.9403156638145447 3
1747685870078 0.5978605151176453 4
1747685872808 0.624330997467041 5
1747685874699 0.6020064949989319 6
1747685875098 0.6752220988273621 7
1747685877294 0.6660746335983276 8
1747685877722 0.6533828377723694 9
1747685880119 0.5949694514274597 10
1747685882118 0.5818170309066772 11
1747685884811 0.6904631853103638 12
1747685886848 0.5838743448257446 13
1747685888974 0.7090595960617065 14
1747685890943 0.7648677229881287 15
1747685892954 0.6351237297058105 16
1747685894640 0.5828659534454346 17
1747685895020 0.6221358776092529 18
1747685909228 0.5816974639892578 19
1747685909691 0.566848635673523 20
1747685910066 0.6027277112007141 21
1747685912460 0.5696542263031006 22
1747685912838 0.5818153023719788 23
1747685913213 0.5334517955780029 24
1747685913663 0.5225356817245483 25
1747685916625 0.5637763738632202 26
1747685917026 0.5978158712387085 27
1747685917424 0.5847589373588562 28
1747685917787 0.6707124710083008 29
1747685920810 0.5864194631576538 30
1747685921212 0.6112983822822571 31
1747685921617 0.6555395722389221 32
1747685924240 0.602453887462616 33
1747685924669 0.5496550798416138 34
1747685925074 0.6126016974449158 35
1747685925822 0.7572884559631348 36
1747685937641 0.5966074466705322 37
1747685940766 0.5934269428253174 38
1747685941194 0.5514639019966125 39
1747685943431 0.6430203318595886 40
1747685943827 0.5573710203170776 41
1747685944216 1.1038916110992432 42
1747685946831 0.5331214666366577 43
1747685947224 0.5550028085708618 44
1747685947600 0.527362585067749 45
1747685947989 0.5047042369842529 46
1747685948687 0.6062085628509521 47
1747685949433 0.5891159772872925 48
1747685950167 0.555910050868988 49
1747685953507 0.6271615028381348 50
1747685955279 0.7133150696754456 51
1747685957480 0.6432034373283386 52
1747685957849 0.6669163703918457 53
1747685958214 0.5453503131866455 54
1747685969816 0.5840592384338379 55
1747685970535 0.5578882694244385 56
1747685971260 0.5762700438499451 57
1747685971982 0.5006089806556702 58
1747685972870 0.5373833775520325 59
1747685973751 0.5864202380180359 60
1747685974455 0.49896517395973206 61
1747685977140 0.5420722961425781 62
1747685979240 0.6678351163864136 63
1747685979641 0.5391678214073181 64
1747685981830 0.5874021053314209 65
1747685983908 0.807461142539978 66
1747685984290 0.5611074566841125 67
1747685986443 0.6106601357460022 68
1747685988878 0.5051295161247253 69
1747685990770 0.6106481552124023 70
1747685992618 0.5373339653015137 71
1747685992991 0.6345559358596802 72
1747686005113 0.7150980234146118 73
1747686005791 0.5370098352432251 74
1747686008581 0.5634175539016724 75
1747686010642 0.7077523469924927 76
1747686011033 0.5374021530151367 77
1747686011422 0.4929690957069397 78
1747686011828 0.5413423776626587 79
1747686012577 0.5398702025413513 80
1747686013479 0.5808387994766235 81
1747686016280 0.5842854976654053 82
1747686018286 0.7609233856201172 83
1747686018681 0.7535125017166138 84
1747686019058 0.5776671171188354 85
1747686021766 0.5551073551177979 86
1747686022194 0.5492037534713745 87
1747686022584 0.6836225986480713 88
1747686023139 0.5298776626586914 89
1747686023826 0.5092841386795044 90
1747686034565 0.5976545810699463 91
1747686037411 0.5268276333808899 92
1747686037810 0.4973282217979431 93
1747686040238 0.649366557598114 94
1747686042202 0.5363520979881287 95
1747686042592 0.5888622999191284 96
1747686042980 0.5648554563522339 97
1747686045154 0.5401681661605835 98
1747686045551 0.5630714893341064 99
1747686045930 0.8517281413078308 100
1747686046328 0.5701290369033813 101
1747686047204 0.564730167388916 102
1747686047911 0.5691086053848267 103
1747686048772 0.5376629829406738 104
1747686051461 0.5846840143203735 105
1747686053592 0.5526149272918701 106
1747686053965 0.5344495177268982 107
1747686054338 0.6113994121551514 108
1747686065155 0.536321222782135 109
1747686067898 0.7063718438148499 110
1747686068319 0.5398372411727905 111
1747686070667 0.619922399520874 112
1747686072730 0.517186164855957 113
1747686075018 0.5360498428344727 114
1747686076886 0.6114819645881653 115
1747686078969 0.5295214056968689 116
1747686079365 0.5263252258300781 117
1747686081550 0.5492547154426575 118
1747686083459 0.5509235858917236 119
1747686085502 0.6568341255187988 120
1747686085893 0.5625123977661133 121
1747686086281 0.6206047534942627 122
1747686089117 0.5894469022750854 123
1747686089495 0.5686614513397217 124
1747686091171 0.5664551258087158 125
1747686092687 0.5283386707305908 126
1747686106325 0.6869163513183594 127
1747686108497 0.5285722017288208 128
1747686110578 0.5253059267997742 129
1747686110979 0.49389469623565674 130
1747686111370 0.5415233969688416 131
1747686111744 0.5144543647766113 132
1747686114466 0.5679794549942017 133
1747686114923 0.5350543260574341 134
1747686115371 0.5214928984642029 135
1747686117856 0.6895070672035217 136
1747686120000 0.5659164190292358 137
1747686122128 0.5522550344467163 138
1747686124329 0.5669997930526733 139
1747686126812 0.4846166968345642 140
1747686128785 0.5655496120452881 141
1747686130988 0.5668354630470276 142
1747686131379 0.5150941610336304 143
1747686131750 0.5479389429092407 144
1747686145721 0.5503389239311218 145
1747686146124 0.47715216875076294 146
1747686148569 0.5482538938522339 147
1747686150699 0.5326457023620605 148
1747686151120 0.5918796062469482 149
1747686151526 0.5131988525390625 150
1747686154228 0.5033650994300842 151
1747686156154 0.5266407132148743 152
1747686158327 0.5087116956710815 153
1747686160361 0.6361863613128662 154
1747686162648 0.6352081298828125 155
1747686164461 0.664195716381073 156
1747686164851 0.5980733633041382 157
1747686165266 0.4985727071762085 158
1747686165742 0.5385210514068604 159
1747686166470 0.6476665735244751 160
1747686167320 0.5089647173881531 161
1747686168199 0.4799289107322693 162
1747686182146 0.5012175440788269 163
1747686182550 0.5508599281311035 164
1747686185005 0.5361117124557495 165
1747686187060 0.5420293807983398 166
1747686189089 0.5016821026802063 167
1747686191024 0.49986034631729126 168
1747686191422 0.48183584213256836 169
1747686191825 0.6491498351097107 170
1747686195003 0.539146363735199 171
1747686196958 0.711805522441864 172
1747686197367 0.5063118934631348 173
1747686199653 0.5090793967247009 174
1747686201638 0.5067638754844666 175
1747686202035 0.46993178129196167 176
1747686202427 0.5340960621833801 177
1747686202792 0.5250645279884338 178
1747686203443 0.6694709062576294 179
1747686204111 0.5136570930480957 180
1747686214838 0.49317866563796997 181
1747686215732 0.5368870496749878 182
1747686216639 0.5001290440559387 183
1747686217353 0.5112904906272888 184
1747686218273 0.4969024658203125 185
1747686218993 0.5698559284210205 186
1747686219846 0.5302727222442627 187
1747686222734 0.5652637481689453 188
1747686224706 0.5786124467849731 189
1747686225114 0.48070067167282104 190
1747686225535 0.5338428616523743 191
1747686228228 0.6434487104415894 192
1747686230098 0.4930840730667114 193
1747686232253 0.5012769103050232 194
1747686232654 0.4948654770851135 195
1747686233033 0.7202730178833008 196
1747686233600 0.48943787813186646 197
1747686234272 0.4663073420524597 198
1747686248346 0.49861079454421997 199
1747686250458 0.5338810086250305 200
1747686250852 0.5066972970962524 201
1747686251259 0.5363093614578247 202
1747686251656 0.5369158387184143 203
1747686254715 0.6485124826431274 204
1747686255114 0.5552012324333191 205
1747686257426 0.4584471881389618 206
1747686259556 0.5344489216804504 207
1747686259951 0.4886651635169983 208
1747686260334 0.5145633220672607 209
1747686260739 0.5568299889564514 210
1747686263773 0.48649466037750244 211
1747686265654 0.514183521270752 212
1747686266041 0.690808892250061 213
1747686266432 0.4692325294017792 214
1747686266817 0.5846987962722778 215
1747686268910 0.6918812394142151 216
1747686280096 0.5399888157844543 217
1747686280758 0.5440578460693359 218
1747686283698 0.5583208799362183 219
1747686285797 0.5175549387931824 220
1747686287776 0.5320113301277161 221
1747686288180 0.5706186294555664 222
1747686288584 0.5402584075927734 223
1747686289085 0.4958750009536743 224
1747686290200 0.5734609365463257 225
1747686293383 0.5024881362915039 226
1747686293768 0.516372799873352 227
1747686296212 0.494504451751709 228
1747686296609 0.5378705263137817 229
1747686297003 0.5064768195152283 230
1747686297515 0.4918352961540222 231
1747686300620 0.4935356378555298 232
1747686301009 0.5318414568901062 233
1747686302570 0.7980504035949707 234
1747686316542 0.4883573353290558 235
1747686318411 0.5588101148605347 236
1747686318796 0.5514187216758728 237
1747686320975 0.4804087281227112 238
1747686323158 0.5683058500289917 239
1747686325113 0.49941426515579224 240
1747686327311 0.4811114966869354 241
1747686327683 0.46028682589530945 242
1747686330213 0.4570296108722687 243
1747686332191 0.578325629234314 244
1747686334252 0.6395338773727417 245
1747686336395 0.48856016993522644 246
1747686338484 0.5039549469947815 247
1747686338901 0.4941580295562744 248
1747686339294 0.4844798445701599 249
1747686342049 0.5224306583404541 250
1747686342451 0.4744979441165924 251
1747686344078 0.510399341583252 252
1747686355275 0.5955095291137695 253
1747686356010 0.503521203994751 254
1747686356738 0.6406298875808716 255
1747686357454 0.4915616810321808 256
1747686358377 0.48369595408439636 257
1747686359128 0.5923105478286743 258
1747686359966 0.5118186473846436 259
1747686360914 0.5380465984344482 260
1747686361653 0.4864692986011505 261
1747686362509 0.487934410572052 262
1747686365702 0.4868205189704895 263
1747686366090 0.4427199959754944 264
1747686366479 0.48877906799316406 265
1747686367051 0.5062621831893921 266
1747686367767 0.6253822445869446 267
1747686368804 0.45612186193466187 268
1747686371386 0.44136476516723633 269
1747686371744 0.46184229850769043 270
1747686382976 0.46994879841804504 271
1747686383912 0.6069881916046143 272
1747686385030 0.7330548763275146 273
1747686385778 0.44013306498527527 274
1747686386528 0.46733230352401733 275
1747686389630 0.470092236995697 276
1747686392026 0.5026501417160034 277
1747686394083 0.5640145540237427 278
1747686394506 0.47391486167907715 279
1747686394957 0.5806223154067993 280
1747686395597 0.5390717387199402 281
1747686396543 0.47629427909851074 282
1747686399215 0.4651581048965454 283
1747686401253 0.4678215980529785 284
1747686401668 0.5024157762527466 285
1747686403727 0.4958671033382416 286
1747686404110 0.49533170461654663 287
1747686404492 0.46138060092926025 288
1747686415579 0.7142238020896912 289
1747686416682 0.4833173155784607 290
1747686417445 0.5090910196304321 291
1747686418281 0.7115987539291382 292
1747686421052 0.45068567991256714 293
1747686423136 0.6023312211036682 294
1747686425180 0.49791446328163147 295
1747686427313 0.4388424754142761 296
1747686427705 0.6012038588523865 297
1747686430295 0.45634663105010986 298
1747686430702 0.4982099235057831 299
1747686431093 0.4955279231071472 300
1747686431513 0.4857949912548065 301
1747686432579 0.5809582471847534 302
1747686433290 0.463631808757782 303
1747686436201 0.4665164649486542 304
1747686438074 0.4948759377002716 305
1747686438450 0.6186320781707764 306
1747686450842 0.49443382024765015 307
1747686453779 0.43521150946617126 308
1747686455922 0.5538598299026489 309
1747686456319 0.4812471568584442 310
1747686458966 0.47180598974227905 311
1747686459377 0.44535282254219055 312
1747686459770 0.4745813012123108 313
1747686460345 0.454761266708374 314
1747686461102 0.5188931226730347 315
1747686464286 0.5285500884056091 316
1747686464693 0.46608659625053406 317
1747686467174 0.6097893714904785 318
1747686469120 0.4780063033103943 319
1747686471257 0.5135694742202759 320
1747686471659 0.4942435920238495 321
1747686472049 0.49683675169944763 322
1747686472636 0.5329990983009338 323
1747686473361 0.5964246988296509 324
1747686486963 0.4376795291900635 325
1747686487368 0.4538341760635376 326
1747686489569 0.48839500546455383 327
1747686489991 0.46130022406578064 328
1747686490381 0.46927565336227417 329
1747686492487 0.5893122553825378 330
1747686492873 0.47806036472320557 331
1747686493265 0.5008420944213867 332
1747686493824 0.6245572566986084 333
1747686497034 0.47010695934295654 334
1747686497432 0.5655683279037476 335
1747686500031 0.5069314241409302 336
1747686500446 0.4939195215702057 337
1747686500839 0.5962291359901428 338
1747686501246 0.5372612476348877 339
1747686504362 0.4789256453514099 340
1747686506203 0.44640883803367615 341
1747686506579 0.48914381861686707 342
1747686519988 0.6312333345413208 343
1747686522461 0.47149813175201416 344
1747686522931 0.4416188895702362 345
1747686525529 0.5498872399330139 346
1747686525944 0.525826096534729 347
1747686528550 0.5533742904663086 348
1747686530706 0.5905636548995972 349
1747686533333 0.44901788234710693 350
1747686535604 0.49534374475479126 351
1747686537926 0.6329192519187927 352
1747686539956 0.4582882821559906 353
1747686540357 0.5376653075218201 354
1747686540744 0.45599833130836487 355
1747686543286 0.4977213442325592 356
1747686545279 0.500699520111084 357
1747686545684 0.5849075317382812 358
1747686546109 0.5558074712753296 359
1747686546560 0.47021931409835815 360
1747686558609 0.4860047698020935 361
1747686559512 0.4682389497756958 362
1747686562697 0.4919881820678711 363
1747686564734 0.5121842622756958 364
1747686566587 0.4497094452381134 365
1747686566978 0.4773613214492798 366
1747686567354 0.5006250739097595 367
1747686567940 0.4621749520301819 368
1747686570891 0.48499786853790283 369
1747686572691 0.46884825825691223 370
1747686574684 0.5650357604026794 371
1747686576703 0.598299503326416 372
1747686577090 0.44336098432540894 373
1747686577499 0.5023593306541443 374
1747686580325 0.49273785948753357 375
1747686582403 0.430483341217041 376
1747686583895 0.46867769956588745 377
1747686585753 0.4531426429748535 378
1747686598965 0.4552496075630188 379
1747686600952 0.4391462206840515 380
1747686601348 0.47491398453712463 381
1747686601726 0.5980194807052612 382
1747686602107 0.5612357258796692 383
1747686602824 0.48473578691482544 384
1747686603756 0.523745596408844 385
1747686607101 0.4550287127494812 386
1747686609057 0.5480700731277466 387
1747686609455 0.4416191875934601 388
1747686611683 0.5124200582504272 389
1747686613674 0.5738283395767212 390
1747686614071 0.47786927223205566 391
1747686614457 0.586130678653717 392
1747686616926 0.5055017471313477 393
1747686618965 0.6116781830787659 394
1747686620419 0.45703086256980896 395
1747686622026 0.4472522735595703 396
1747686634601 0.5651841163635254 397
1747686634982 0.48453909158706665 398
1747686637856 0.46026599407196045 399
1747686639832 0.47182029485702515 400
1747686641895 0.42983609437942505 401
1747686644197 0.47605565190315247 402
1747686644580 0.4615083634853363 403
1747686644968 0.45354655385017395 404
1747686647483 0.42736124992370605 405
1747686649488 0.505002498626709 406
1747686651411 0.4817564785480499 407
1747686653573 0.42170536518096924 408
1747686655477 0.4398280084133148 409
1747686655889 0.45139753818511963 410
1747686658506 0.45257440209388733 411
1747686658883 0.5179039835929871 412
1747686659274 0.4488353729248047 413
1747686659636 0.4418119788169861 414
1747686673931 0.527981698513031 415
1747686674343 0.4299575388431549 416
1747686674716 0.5732492804527283 417
1747686675299 0.5477585196495056 418
1747686677854 0.46394163370132446 419
1747686679904 0.4830208420753479 420
1747686680278 0.517299473285675 421
1747686680681 0.47293445467948914 422
1747686681170 0.4489929676055908 423
1747686681910 0.6051132678985596 424
1747686682756 0.4219653010368347 425
1747686683466 0.5564101338386536 426
1747686684299 0.41713035106658936 427
1747686685256 0.43575116991996765 428
1747686685965 0.44752153754234314 429
1747686689216 0.46989545226097107 430
1747686689588 0.45793434977531433 431
1747686691254 0.5021860599517822 432
1747686702806 0.4733818769454956 433
1747686705247 0.44854485988616943 434
1747686705674 0.5290116667747498 435
1747686706076 0.5244521498680115 436
1747686708910 0.4599614143371582 437
1747686709323 0.4457983672618866 438
1747686709712 0.4174744486808777 439
1747686710207 0.4920450448989868 440
1747686711117 0.425949364900589 441
1747686714309 0.503291130065918 442
1747686714736 0.41366785764694214 443
1747686715119 0.43205663561820984 444
1747686717703 0.4376554489135742 445
1747686720192 0.43512341380119324 446
1747686722412 0.47604480385780334 447
1747686722802 0.5921795964241028 448
1747686723204 0.570910632610321 449
1747686723605 0.5755488276481628 450
1747686734350 0.5096039175987244 451
1747686735022 0.443926066160202 452
1747686735834 0.44724756479263306 453
1747686738585 0.4561071991920471 454
1747686738993 0.4753165543079376 455
1747686739381 0.42365598678588867 456
1747686741883 0.45353004336357117 457
1747686742289 0.4349639117717743 458
1747686742674 0.47127485275268555 459
1747686743122 0.43926915526390076 460
1747686743808 0.4250398278236389 461
1747686744472 0.44435054063796997 462
1747686747061 0.4591005742549896 463
1747686747448 0.42120927572250366 464
1747686747844 0.48881039023399353 465
1747686750598 0.4413846433162689 466
1747686752241 0.797934353351593 467
1747686752618 0.426525354385376 468
1747686763407 0.45572638511657715 469
1747686764119 0.41481268405914307 470
1747686765039 0.4688127338886261 471
1747686765880 0.5508406758308411 472
1747686768381 0.4040919840335846 473
1747686768780 0.43883267045021057 474
1747686770998 0.43832123279571533 475
1747686773072 0.49488669633865356 476
1747686773445 0.4212602376937866 477
1747686776080 0.5226255655288696 478
1747686778046 0.44466567039489746 479
1747686780076 0.4221116900444031 480
1747686782086 0.45618772506713867 481
1747686782474 0.49842584133148193 482
1747686784417 0.5787160396575928 483
1747686786485 0.4385848641395569 484
1747686788112 0.4427490532398224 485
1747686789642 0.43070611357688904 486
1747686801014 0.5816909074783325 487
1747686804295 0.41745245456695557 488
1747686806319 0.6305381655693054 489
1747686806716 0.4958016872406006 490
1747686808669 0.4314737319946289 491
1747686809060 0.44532763957977295 492
1747686809447 0.5494489669799805 493
1747686809809 0.45754384994506836 494
1747686810564 0.42261508107185364 495
1747686813627 0.5226908326148987 496
1747686815801 0.5129895806312561 497
1747686816217 0.4273490011692047 498
1747686816602 0.45016831159591675 499
1747686817058 0.4576525092124939 500
1747686820064 0.45098012685775757 501
1747686820476 0.4646342098712921 502
1747686820864 0.44070279598236084 503
1747686821261 0.4536045789718628 504
1747686832277 0.4570591449737549 505
1747686835247 0.4449380040168762 506
1747686835635 0.41528984904289246 507
1747686837978 0.4318155348300934 508
1747686838428 0.44805634021759033 509
1747686838806 0.6443482041358948 510
1747686839176 0.44618934392929077 511
1747686842054 0.4077899754047394 512
1747686842473 0.43205952644348145 513
1747686844862 0.4671059846878052 514
1747686846960 0.4313480854034424 515
1747686849098 0.46215879917144775 516
1747686849480 0.5158583521842957 517
1747686849863 0.43616098165512085 518
1747686850239 0.5399209260940552 519
1747686850902 0.43301594257354736 520
1747686851800 0.6740052700042725 521
1747686852476 0.4220770001411438 522
1747686864062 0.4191737174987793 523
1747686864900 0.4568495750427246 524
1747686865573 0.5371125936508179 525
1747686868637 0.41612860560417175 526
1747686869053 0.4455639719963074 527
1747686869431 0.4405127465724945 528
1747686872249 0.4199162721633911 529
1747686874326 0.48936671018600464 530
1747686874713 0.42942291498184204 531
1747686876823 0.40573424100875854 532
1747686877192 0.4702226221561432 533
1747686879805 0.41799381375312805 534
1747686880196 0.4495117962360382 535
1747686882405 0.4456367492675781 536
1747686884304 0.46041685342788696 537
1747686886205 0.42119500041007996 538
1747686887836 0.49895989894866943 539
1747686888204 0.5008177757263184 540
1747686899330 0.4573531150817871 541
1747686902254 0.49700868129730225 542
1747686902646 0.43287956714630127 543
1747686903025 0.4474307596683502 544
1747686903386 0.4036392867565155 545
1747686904197 0.4509422183036804 546
1747686905018 0.5240753889083862 547
1747686905708 0.5718052387237549 548
1747686908817 0.4993492662906647 549
1747686909202 0.4604332745075226 550
1747686911632 0.39870545268058777 551
1747686912085 0.45140358805656433 552
1747686914107 0.5166285037994385 553
1747686916343 0.4277991056442261 554
1747686916739 0.4293639063835144 555
1747686918925 0.4090040326118469 556
1747686919296 0.5228024125099182 557
1747686919665 0.5258866548538208 558
1747686932987 0.4155115783214569 559
1747686933400 0.4270610809326172 560
1747686933780 0.5558856129646301 561
1747686934162 0.47324973344802856 562
1747686936790 0.45665931701660156 563
1747686937197 0.4212743639945984 564
1747686937578 0.4988926351070404 565
1747686940243 0.41590118408203125 566
1747686940628 0.46898382902145386 567
1747686941000 0.4376567006111145 568
1747686944018 0.4485805034637451 569
1747686944390 0.4469478726387024 570
1747686944769 0.44029468297958374 571
1747686946916 0.4749884009361267 572
1747686948848 0.4370625615119934 573
1747686949240 0.4171610474586487 574
1747686951194 0.41707754135131836 575
1747686951550 0.5141220688819885 576
1747686964361 0.4170745611190796 577
1747686966362 0.4237007200717926 578
1747686966757 0.45204246044158936 579
1747686967152 0.4196451008319855 580
1747686967601 0.5103395581245422 581
1747686968265 0.43858110904693604 582
1747686969077 0.5743197798728943 583
1747686971877 0.4534629285335541 584
1747686974056 0.4427945017814636 585
1747686974477 0.4022631049156189 586
1747686974870 0.44090431928634644 587
1747686975243 0.4631810784339905 588
1747686976057 0.4685264229774475 589
1747686976722 0.4361419379711151 590
1747686977520 0.4124757647514343 591
1747686978191 0.4183126389980316 592
1747686979071 0.5061013698577881 593
1747686981242 0.5579657554626465 594
1747686994158 0.47090309858322144 595
1747686994547 0.736067533493042 596
1747686996707 0.42696478962898254 597
1747686997107 0.39384451508522034 598
1747686999808 0.4117138385772705 599
1747687000204 0.39500945806503296 600
1747687000591 0.511702835559845 601
1747687001000 0.414914608001709 602
1747687003819 0.41403722763061523 603
1747687004217 0.42196568846702576 604
1747687004606 0.42364999651908875 605
1747687007428 0.4226858615875244 606
1747687009384 0.4465111494064331 607
1747687009779 0.4199226498603821 608
1747687011954 0.40905529260635376 609
1747687014119 0.4079093933105469 610
1747687014510 0.44578689336776733 611
1747687016118 0.440153032541275 612
1747687028187 0.41704073548316956 613
1747687031397 0.4397537112236023 614
1747687031798 0.5440077185630798 615
1747687032183 0.42888814210891724 616
1747687032576 0.41483747959136963 617
1747687035585 0.4949258267879486 618
1747687035981 0.44413313269615173 619
1747687036366 0.393851637840271 620
1747687036740 0.5002834796905518 621
1747687040194 0.48344799876213074 622
1747687040591 0.410663366317749 623
1747687042752 0.40020063519477844 624
1747687043147 0.41343235969543457 625
1747687043565 0.40693727135658264 626
1747687043947 0.42658302187919617 627
1747687044740 0.4074983596801758 628
1747687045487 0.3989206552505493 629
1747687047564 0.4126270115375519 630
1747687058427 0.4982702136039734 631
1747687061363 0.4215885400772095 632
1747687063338 0.6088585257530212 633
1747687063740 0.49869489669799805 634
1747687066393 0.4094492495059967 635
1747687066789 0.44023850560188293 636
1747687067187 0.49460798501968384 637
1747687067735 0.4043666124343872 638
1747687068688 0.5072386264801025 639
1747687069422 0.613713264465332 640
1747687070202 0.42982280254364014 641
1747687070991 0.3945789635181427 642
1747687073860 0.41343560814857483 643
1747687074251 0.42105239629745483 644
1747687076691 0.44000911712646484 645
1747687078821 0.4344913363456726 646
1747687080338 0.42807912826538086 647
1747687080728 0.39068225026130676 648
1747687093981 0.3946171700954437 649
1747687096217 0.3909679353237152 650
1747687096620 0.40717318654060364 651
1747687097009 0.4538314640522003 652
1747687099778 0.3909702003002167 653
1747687100179 0.411449670791626 654
1747687100550 0.5045914649963379 655
1747687102974 0.41476964950561523 656
1747687105151 0.39192506670951843 657
1747687105556 0.4263717234134674 658
1747687108139 0.3923147916793823 659
1747687108525 0.4924485683441162 660
1747687108914 0.442627489566803 661
1747687109280 0.3889717757701874 662
1747687110021 0.4239732623100281 663
1747687110923 0.4169599115848541 664
1747687111684 0.3859739601612091 665
1747687113940 0.3840562105178833 666
1747687125540 0.385427325963974 667
1747687128401 0.49254366755485535 668
1747687128800 0.469612181186676 669
1747687130958 0.400008887052536 670
1747687132868 0.5595927834510803 671
1747687133268 0.41397207975387573 672
1747687135386 0.4153791069984436 673
1747687135772 0.4123193025588989 674
1747687137999 0.36614301800727844 675
1747687139977 0.39929264783859253 676
1747687140383 0.4076775908470154 677
1747687140777 0.39139121770858765 678
1747687141150 0.39810386300086975 679
1747687143687 0.4204555153846741 680
1747687144108 0.4614615738391876 681
1747687144487 0.39419957995414734 682
1747687146563 0.37837618589401245 683
1747687146945 0.3930470943450928 684
1747687157661 0.38756006956100464 685
1747687158354 0.39257848262786865 686
1747687161267 0.538517415523529 687
1747687163122 0.3943447470664978 688
1747687163505 0.4249035120010376 689
1747687163881 0.48612672090530396 690
1747687166455 0.41201460361480713 691
1747687166847 0.3810192048549652 692
1747687167243 0.39631569385528564 693
1747687167762 0.3815327286720276 694
1747687170953 0.4146677255630493 695
1747687171320 0.44175469875335693 696
1747687173755 0.38743263483047485 697
1747687175735 0.3898911476135254 698
1747687176106 0.4405692219734192 699
1747687178493 0.3792310059070587 700
1747687178876 0.3938674032688141 701
1747687180730 0.5325520038604736 702
1747687194876 0.38019150495529175 703
1747687195265 0.7013425827026367 704
1747687197985 0.39511847496032715 705
1747687200365 0.44912391901016235 706
1747687202320 0.4529690146446228 707
1747687202708 0.4534905254840851 708
1747687205251 0.4779495298862457 709
1747687205649 0.3991701900959015 710
1747687208358 0.42424532771110535 711
1747687208752 0.40267670154571533 712
1747687211008 0.4153084456920624 713
1747687211409 0.40532538294792175 714
1747687213875 0.4478122293949127 715
1747687215826 0.5824083089828491 716
1747687218082 0.38509148359298706 717
1747687218473 0.5128993391990662 718
1747687218855 0.39764881134033203 719
1747687220471 0.4499160349369049 720
1747687232016 0.44590097665786743 721
1747687232730 0.3932839334011078 722
1747687233685 0.38822197914123535 723
1747687236853 0.467070072889328 724
1747687237246 0.48011577129364014 725
1747687237662 0.4768644869327545 726
1747687240498 0.43017804622650146 727
1747687242503 0.4307231903076172 728
1747687244931 0.38997402787208557 729
1747687246871 0.40457332134246826 730
1747687247268 0.40848422050476074 731
1747687247678 0.4237390160560608 732
1747687250356 0.39712679386138916 733
1747687252178 0.41692259907722473 734
1747687252572 0.4409392476081848 735
1747687252983 0.38585537672042847 736
1747687253359 0.3944883346557617 737
1747687255506 0.3873036205768585 738
1747687268530 0.4103536307811737 739
1747687270814 0.38102415204048157 740
1747687272773 0.3810991942882538 741
1747687273167 0.3906663954257965 742
1747687273561 0.37712839245796204 743
1747687275951 0.4746902585029602 744
1747687276370 0.4034481644630432 745
1747687276776 0.4069957435131073 746
1747687279332 0.42708152532577515 747
1747687281281 0.3911416828632355 748
1747687281671 0.4014297127723694 749
1747687282039 0.3683680295944214 750
1747687282407 0.430746853351593 751
1747687285280 0.3810891807079315 752
1747687285693 0.4026624858379364 753
1747687286081 0.37823110818862915 754
1747687288246 0.5058485269546509 755
1747687288632 0.4729151129722595 756
1747687299880 0.4386908710002899 757
1747687300713 0.3928554356098175 758
1747687301551 0.3668195903301239 759
1747687304531 0.39473673701286316 760
1747687304941 0.5063620209693909 761
1747687307523 0.3862544894218445 762
1747687309440 0.42784154415130615 763
1747687311318 0.40170183777809143 764
1747687313415 0.37203747034072876 765
1747687315335 0.38511431217193604 766
1747687315729 0.40856263041496277 767
1747687316109 0.3865136504173279 768
1747687316474 0.3728264272212982 769
1747687317275 0.3747680187225342 770
1747687318065 0.39998307824134827 771
1747687321298 0.42375269532203674 772
1747687321687 0.40628668665885925 773
1747687323090 0.3949580788612366 774
1747687334012 0.37452805042266846 775
1747687334923 0.3815329670906067 776
1747687335740 0.37665361166000366 777
1747687338396 0.38339969515800476 778
1747687338858 0.37339743971824646 779
1747687339245 0.3653316795825958 780
1747687341849 0.4195365309715271 781
1747687342252 0.3943491578102112 782
1747687342621 0.45050859451293945 783
1747687345717 0.4047815799713135 784
1747687347571 0.4472620487213135 785
1747687350013 0.4032786786556244 786
1747687350416 0.5255886912345886 787
1747687350795 0.36625999212265015 788
1747687353327 0.3701914846897125 789
1747687355239 0.5652643442153931 790
1747687355614 0.39050740003585815 791
1747687355979 0.38627398014068604 792
1747687368283 0.37573036551475525 793
1747687368691 0.41375479102134705 794
1747687369083 0.5131725072860718 795
1747687369558 0.39131441712379456 796
1747687370269 0.3888160288333893 797
1747687371056 0.4573042690753937 798
1747687371772 0.3757713735103607 799
1747687372565 0.36951944231987 800
1747687373256 0.36817219853401184 801
1747687373954 0.43907421827316284 802
1747687376735 0.3760068416595459 803
1747687377138 0.3786112070083618 804
1747687379508 0.3691907227039337 805
1747687379907 0.3746500313282013 806
1747687380314 0.4065314829349518 807
1747687380690 0.4238724112510681 808
1747687381618 0.4345816969871521 809
1747687382516 0.36534470319747925 810
1747687396183 0.3960525095462799 811
1747687398600 0.36927998065948486 812
1747687398984 0.45119011402130127 813
1747687401514 0.4408819377422333 814
1747687403630 0.3755711317062378 815
1747687404016 0.37141865491867065 816
1747687404406 0.49862658977508545 817
1747687404820 0.3934333324432373 818
1747687405552 0.4100528061389923 819
1747687408686 0.4740380644798279 820
1747687409086 0.43486881256103516 821
1747687409466 0.3685108721256256 822
1747687409874 0.4006739854812622 823
1747687410554 0.383237361907959 824
1747687411422 0.4615955948829651 825
1747687412201 0.4483420252799988 826
1747687414883 0.46610745787620544 827
1747687415254 0.5349635481834412 828
1747687426098 0.4118732213973999 829
1747687428745 0.3595660924911499 830
1747687429126 0.4362603425979614 831
1747687429513 0.3786888122558594 832
1747687432265 0.3962087631225586 833
1747687434091 0.38821905851364136 834
1747687436006 0.36305299401283264 835
1747687437882 0.37675410509109497 836
1747687438278 0.481249064207077 837
1747687440328 0.3884536921977997 838
1747687440731 0.37857598066329956 839
1747687442880 0.3959035277366638 840
1747687443271 0.3702714741230011 841
1747687443654 0.5066279172897339 842
1747687446504 0.4082542657852173 843
1747687446906 0.3695775270462036 844
1747687447314 0.36237257719039917 845
1747687447780 0.36108100414276123 846
1747687459107 0.3580641746520996 847
1747687462277 0.3656077980995178 848
1747687464384 0.41530460119247437 849
1747687464756 0.4084492325782776 850
1747687465152 0.4018346965312958 851
1747687467560 0.3620681166648865 852
1747687469697 0.42919519543647766 853
1747687471707 0.4457017481327057 854
1747687472096 0.37235480546951294 855
1747687472494 0.3499675989151001 856
1747687472914 0.38205841183662415 857
1747687473594 0.3774759769439697 858
1747687474511 0.5726622939109802 859
1747687477517 0.4213712215423584 860
1747687479510 0.37606748938560486 861
1747687479903 0.3593427240848541 862
1747687480298 0.37756413221359253 863
1747687481969 0.4145922064781189 864
1747687492684 0.49030745029449463 865
1747687493713 0.3705783486366272 866
1747687494370 0.38077792525291443 867
1747687495213 0.4541982114315033 868
1747687497777 0.3650285601615906 869
1747687498196 0.4455870985984802 870
1747687498591 0.37327998876571655 871
1747687499240 0.516465961933136 872
1747687500113 0.3528677523136139 873
1747687500799 0.4220569133758545 874
1747687503586 0.37293487787246704 875
1747687503987 0.36641043424606323 876
1747687504380 0.41676467657089233 877
1747687506557 0.35999414324760437 878
1747687506935 0.40812617540359497 879
1747687507308 0.7044951915740967 880
1747687507702 0.5274381637573242 881
1747687509908 0.37282654643058777 882
1747687522762 0.5215449333190918 883
1747687523154 0.47087061405181885 884
1747687525360 0.3778457045555115 885
1747687525749 0.529056966304779 886
1747687526120 0.4429548978805542 887
1747687528740 0.37799039483070374 888
1747687530824 0.5728024244308472 889
1747687531221 0.6084158420562744 890
1747687533558 0.44235122203826904 891
1747687533933 0.3623271882534027 892
1747687534322 0.37711918354034424 893
1747687534771 0.3723531663417816 894
1747687537758 0.3690141439437866 895
1747687538162 0.39939212799072266 896
1747687538546 0.3675612807273865 897
1747687541483 0.43918752670288086 898
1747687541852 0.4655640721321106 899
1747687542216 0.36596161127090454 900
