1747685866612 0.0001 1
1747685869294 0.0001 2
1747685869696 0.0001 3
1747685870081 0.0001 4
1747685872811 0.0001 5
1747685874701 0.0001 6
1747685875100 0.0001 7
1747685877297 0.0001 8
1747685877725 0.0001 9
1747685880121 0.0001 10
1747685882120 0.0001 11
1747685884813 0.0001 12
1747685886850 0.0001 13
1747685888977 0.0001 14
1747685890945 0.0001 15
1747685892956 0.0001 16
1747685894642 0.0001 17
1747685895021 0.0001 18
1747685909244 0.0001 19
1747685909695 0.0001 20
1747685910071 0.0001 21
1747685912462 0.0001 22
1747685912841 0.0001 23
1747685913215 0.0001 24
1747685913666 0.0001 25
1747685916626 0.0001 26
1747685917028 0.0001 27
1747685917425 0.0001 28
1747685917789 0.0001 29
1747685920812 0.0001 30
1747685921215 0.0001 31
1747685921619 0.0001 32
1747685924242 0.0001 33
1747685924671 0.0001 34
1747685925077 0.0001 35
1747685925823 0.0001 36
1747685937644 0.0001 37
1747685940769 0.0001 38
1747685941197 0.0001 39
1747685943432 0.0001 40
1747685943830 0.0001 41
1747685944220 0.0001 42
1747685946833 0.0001 43
1747685947226 0.0001 44
1747685947603 0.0001 45
1747685947991 0.0001 46
1747685948692 0.0001 47
1747685949435 0.0001 48
1747685950171 0.0001 49
1747685953510 0.0001 50
1747685955281 0.0001 51
1747685957482 0.0001 52
1747685957850 0.0001 53
1747685958216 0.0001 54
1747685969821 0.0001 55
1747685970537 0.0001 56
1747685971265 0.0001 57
1747685971984 0.0001 58
1747685972872 0.0001 59
1747685973754 0.0001 60
1747685974457 0.0001 61
1747685977143 0.0001 62
1747685979243 0.0001 63
1747685979644 0.0001 64
1747685981832 0.0001 65
1747685983910 0.0001 66
1747685984292 0.0001 67
1747685986446 0.0001 68
1747685988880 0.0001 69
1747685990772 0.0001 70
1747685992620 0.0001 71
1747685992993 0.0001 72
1747686005116 0.0001 73
1747686005795 0.0001 74
1747686008584 0.0001 75
1747686010643 0.0001 76
1747686011035 0.0001 77
1747686011424 0.0001 78
1747686011831 0.0001 79
1747686012580 0.0001 80
1747686013481 0.0001 81
1747686016283 0.0001 82
1747686018288 0.0001 83
1747686018684 0.0001 84
1747686019062 0.0001 85
1747686021767 0.0001 86
1747686022196 0.0001 87
1747686022587 0.0001 88
1747686023142 0.0001 89
1747686023827 0.0001 90
1747686034568 0.0001 91
1747686037412 0.0001 92
1747686037812 0.0001 93
1747686040240 0.0001 94
1747686042204 0.0001 95
1747686042596 0.0001 96
1747686042981 0.0001 97
1747686045156 0.0001 98
1747686045553 0.0001 99
1747686045934 0.0001 100
1747686046332 0.0001 101
1747686047207 0.0001 102
1747686047913 0.0001 103
1747686048778 0.0001 104
1747686051463 0.0001 105
1747686053593 0.0001 106
1747686053967 0.0001 107
1747686054339 0.0001 108
1747686065157 0.0001 109
1747686067900 0.0001 110
1747686068322 0.0001 111
1747686070668 0.0001 112
1747686072732 0.0001 113
1747686075020 0.0001 114
1747686076889 0.0001 115
1747686078970 0.0001 116
1747686079368 0.0001 117
1747686081553 0.0001 118
1747686083461 0.0001 119
1747686085504 0.0001 120
1747686085895 0.0001 121
1747686086286 0.0001 122
1747686089119 0.0001 123
1747686089498 0.0001 124
1747686091173 0.0001 125
1747686092689 0.0001 126
1747686106327 0.0001 127
1747686108498 0.0001 128
1747686110581 0.0001 129
1747686110981 0.0001 130
1747686111372 0.0001 131
1747686111748 0.0001 132
1747686114467 0.0001 133
1747686114925 0.0001 134
1747686115373 0.0001 135
1747686117858 0.0001 136
1747686120003 0.0001 137
1747686122130 0.0001 138
1747686124331 0.0001 139
1747686126813 0.0001 140
1747686128787 0.0001 141
1747686130989 0.0001 142
1747686131381 0.0001 143
1747686131751 0.0001 144
1747686145722 0.0001 145
1747686146127 0.0001 146
1747686148570 0.0001 147
1747686150700 0.0001 148
1747686151122 0.0001 149
1747686151528 0.0001 150
1747686154231 0.0001 151
1747686156155 0.0001 152
1747686158329 0.0001 153
1747686160363 0.0001 154
1747686162650 0.0001 155
1747686164463 0.0001 156
1747686164853 0.0001 157
1747686165276 0.0001 158
1747686165744 0.0001 159
1747686166475 0.0001 160
1747686167324 0.0001 161
1747686168201 0.0001 162
1747686182148 0.0001 163
1747686182552 0.0001 164
1747686185007 0.0001 165
1747686187061 0.0001 166
1747686189090 0.0001 167
1747686191027 0.0001 168
1747686191426 0.0001 169
1747686191826 0.0001 170
1747686195005 0.0001 171
1747686196960 0.0001 172
1747686197369 0.0001 173
1747686199656 0.0001 174
1747686201639 0.0001 175
1747686202037 0.0001 176
1747686202428 0.0001 177
1747686202794 0.0001 178
1747686203451 0.0001 179
1747686204113 0.0001 180
1747686214841 0.0001 181
1747686215734 0.0001 182
1747686216642 0.0001 183
1747686217355 0.0001 184
1747686218275 0.0001 185
1747686218995 0.0001 186
1747686219848 0.0001 187
1747686222737 0.0001 188
1747686224708 0.0001 189
1747686225117 0.0001 190
1747686225537 0.0001 191
1747686228229 0.0001 192
1747686230100 0.0001 193
1747686232255 0.0001 194
1747686232657 0.0001 195
1747686233035 0.0001 196
1747686233603 0.0001 197
1747686234273 0.0001 198
1747686248349 0.0001 199
1747686250459 0.0001 200
1747686250854 0.0001 201
1747686251262 0.0001 202
1747686251662 0.0001 203
1747686254717 0.0001 204
1747686255116 0.0001 205
1747686257427 0.0001 206
1747686259557 0.0001 207
1747686259955 0.0001 208
1747686260336 0.0001 209
1747686260741 0.0001 210
1747686263775 0.0001 211
1747686265655 0.0001 212
1747686266044 0.0001 213
1747686266435 0.0001 214
1747686266819 0.0001 215
1747686268912 0.0001 216
1747686280099 0.0001 217
1747686280760 0.0001 218
1747686283700 0.0001 219
1747686285798 0.0001 220
1747686287778 0.0001 221
1747686288184 0.0001 222
1747686288588 0.0001 223
1747686289089 0.0001 224
1747686290203 0.0001 225
1747686293384 0.0001 226
1747686293773 0.0001 227
1747686296214 0.0001 228
1747686296613 0.0001 229
1747686297005 0.0001 230
1747686297518 0.0001 231
1747686300622 0.0001 232
1747686301011 0.0001 233
1747686302572 0.0001 234
1747686316543 0.0001 235
1747686318413 0.0001 236
1747686318800 0.0001 237
1747686320977 0.0001 238
1747686323160 0.0001 239
1747686325115 0.0001 240
1747686327314 0.0001 241
1747686327686 0.0001 242
1747686330215 0.0001 243
1747686332193 0.0001 244
1747686334253 0.0001 245
1747686336398 0.0001 246
1747686338487 0.0001 247
1747686338904 0.0001 248
1747686339297 0.0001 249
1747686342051 0.0001 250
1747686342452 0.0001 251
1747686344080 0.0001 252
1747686355278 0.0001 253
1747686356012 0.0001 254
1747686356740 0.0001 255
1747686357456 0.0001 256
1747686358381 0.0001 257
1747686359131 0.0001 258
1747686359970 0.0001 259
1747686360918 0.0001 260
1747686361656 0.0001 261
1747686362512 0.0001 262
1747686365704 0.0001 263
1747686366093 0.0001 264
1747686366482 0.0001 265
1747686367054 0.0001 266
1747686367771 0.0001 267
1747686368807 0.0001 268
1747686371388 0.0001 269
1747686371746 0.0001 270
1747686382979 0.0001 271
1747686383922 0.0001 272
1747686385033 0.0001 273
1747686385781 0.0001 274
1747686386532 0.0001 275
1747686389631 0.0001 276
1747686392028 0.0001 277
1747686394084 0.0001 278
1747686394509 0.0001 279
1747686394960 0.0001 280
1747686395600 0.0001 281
1747686396545 0.0001 282
1747686399217 0.0001 283
1747686401255 0.0001 284
1747686401670 0.0001 285
1747686403729 0.0001 286
1747686404113 0.0001 287
1747686404494 0.0001 288
1747686415582 0.0001 289
1747686416685 0.0001 290
1747686417448 0.0001 291
1747686418284 0.0001 292
1747686421054 0.0001 293
1747686423138 0.0001 294
1747686425181 0.0001 295
1747686427315 0.0001 296
1747686427708 0.0001 297
1747686430297 0.0001 298
1747686430705 0.0001 299
1747686431095 0.0001 300
1747686431517 0.0001 301
1747686432582 0.0001 302
1747686433292 0.0001 303
1747686436203 0.0001 304
1747686438076 0.0001 305
1747686438452 0.0001 306
1747686450845 0.0001 307
1747686453781 0.0001 308
1747686455924 0.0001 309
1747686456322 0.0001 310
1747686458969 0.0001 311
1747686459379 0.0001 312
1747686459773 0.0001 313
1747686460348 0.0001 314
1747686461105 0.0001 315
1747686464288 0.0001 316
1747686464695 0.0001 317
1747686467176 0.0001 318
1747686469123 0.0001 319
1747686471259 0.0001 320
1747686471662 0.0001 321
1747686472051 0.0001 322
1747686472639 0.0001 323
1747686473364 0.0001 324
1747686486965 0.0001 325
1747686487371 0.0001 326
1747686489571 0.0001 327
1747686489993 0.0001 328
1747686490385 0.0001 329
1747686492489 0.0001 330
1747686492875 0.0001 331
1747686493268 0.0001 332
1747686493826 0.0001 333
1747686497035 0.0001 334
1747686497436 0.0001 335
1747686500034 0.0001 336
1747686500449 0.0001 337
1747686500843 0.0001 338
1747686501249 0.0001 339
1747686504364 0.0001 340
1747686506204 0.0001 341
1747686506581 0.0001 342
1747686519990 0.0001 343
1747686522463 0.0001 344
1747686522938 0.0001 345
1747686525531 0.0001 346
1747686525946 0.0001 347
1747686528552 0.0001 348
1747686530708 0.0001 349
1747686533335 0.0001 350
1747686535606 0.0001 351
1747686537928 0.0001 352
1747686539957 0.0001 353
1747686540360 0.0001 354
1747686540748 0.0001 355
1747686543289 0.0001 356
1747686545281 0.0001 357
1747686545686 0.0001 358
1747686546111 0.0001 359
1747686546562 0.0001 360
1747686558613 0.0001 361
1747686559514 0.0001 362
1747686562699 0.0001 363
1747686564736 0.0001 364
1747686566589 0.0001 365
1747686566981 0.0001 366
1747686567357 0.0001 367
1747686567942 0.0001 368
1747686570893 0.0001 369
1747686572693 0.0001 370
1747686574686 0.0001 371
1747686576705 0.0001 372
1747686577093 0.0001 373
1747686577503 0.0001 374
1747686580328 0.0001 375
1747686582404 0.0001 376
1747686583897 0.0001 377
1747686585755 0.0001 378
1747686598967 0.0001 379
1747686600954 0.0001 380
1747686601350 0.0001 381
1747686601736 0.0001 382
1747686602109 0.0001 383
1747686602826 0.0001 384
1747686603758 0.0001 385
1747686607103 0.0001 386
1747686609059 0.0001 387
1747686609456 0.0001 388
1747686611684 0.0001 389
1747686613676 0.0001 390
1747686614077 0.0001 391
1747686614460 0.0001 392
1747686616928 0.0001 393
1747686618967 0.0001 394
1747686620421 0.0001 395
1747686622028 0.0001 396
1747686634603 0.0001 397
1747686634985 0.0001 398
1747686637858 0.0001 399
1747686639833 0.0001 400
1747686641896 0.0001 401
1747686644200 0.0001 402
1747686644583 0.0001 403
1747686644970 0.0001 404
1747686647484 0.0001 405
1747686649490 0.0001 406
1747686651413 0.0001 407
1747686653574 0.0001 408
1747686655479 0.0001 409
1747686655891 0.0001 410
1747686658508 0.0001 411
1747686658886 0.0001 412
1747686659277 0.0001 413
1747686659638 0.0001 414
1747686673933 0.0001 415
1747686674347 0.0001 416
1747686674719 0.0001 417
1747686675302 0.0001 418
1747686677856 0.0001 419
1747686679906 0.0001 420
1747686680281 0.0001 421
1747686680684 0.0001 422
1747686681174 0.0001 423
1747686681913 0.0001 424
1747686682759 0.0001 425
1747686683469 0.0001 426
1747686684301 0.0001 427
1747686685260 0.0001 428
1747686685967 0.0001 429
1747686689217 0.0001 430
1747686689590 0.0001 431
1747686691255 0.0001 432
1747686702815 0.0001 433
1747686705248 0.0001 434
1747686705678 0.0001 435
1747686706077 0.0001 436
1747686708912 0.0001 437
1747686709327 0.0001 438
1747686709714 0.0001 439
1747686710210 0.0001 440
1747686711120 0.0001 441
1747686714310 0.0001 442
1747686714740 0.0001 443
1747686715121 0.0001 444
1747686717705 0.0001 445
1747686720194 0.0001 446
1747686722414 0.0001 447
1747686722804 0.0001 448
1747686723206 0.0001 449
1747686723606 0.0001 450
1747686734352 0.0001 451
1747686735025 0.0001 452
1747686735837 0.0001 453
1747686738586 0.0001 454
1747686738996 0.0001 455
1747686739385 0.0001 456
1747686741885 0.0001 457
1747686742291 0.0001 458
1747686742677 0.0001 459
1747686743124 0.0001 460
1747686743811 0.0001 461
1747686744474 0.0001 462
1747686747063 0.0001 463
1747686747449 0.0001 464
1747686747846 0.0001 465
1747686750600 0.0001 466
1747686752243 0.0001 467
1747686752620 0.0001 468
1747686763410 0.0001 469
1747686764121 0.0001 470
1747686765040 0.0001 471
1747686765884 0.0001 472
1747686768383 0.0001 473
1747686768783 0.0001 474
1747686770999 0.0001 475
1747686773074 0.0001 476
1747686773447 0.0001 477
1747686776082 0.0001 478
1747686778048 0.0001 479
1747686780079 0.0001 480
1747686782088 0.0001 481
1747686782478 0.0001 482
1747686784418 0.0001 483
1747686786487 0.0001 484
1747686788113 0.0001 485
1747686789645 0.0001 486
1747686801017 0.0001 487
1747686804296 0.0001 488
1747686806321 0.0001 489
1747686806720 0.0001 490
1747686808670 0.0001 491
1747686809062 0.0001 492
1747686809449 0.0001 493
1747686809811 0.0001 494
1747686810567 0.0001 495
1747686813629 0.0001 496
1747686815803 0.0001 497
1747686816219 0.0001 498
1747686816604 0.0001 499
1747686817062 0.0001 500
1747686820066 0.0001 501
1747686820479 0.0001 502
1747686820866 0.0001 503
1747686821263 0.0001 504
1747686832279 0.0001 505
1747686835248 0.0001 506
1747686835637 0.0001 507
1747686837980 0.0001 508
1747686838431 0.0001 509
1747686838808 0.0001 510
1747686839179 0.0001 511
1747686842056 0.0001 512
1747686842476 0.0001 513
1747686844864 0.0001 514
1747686846961 0.0001 515
1747686849099 0.0001 516
1747686849483 0.0001 517
1747686849865 0.0001 518
1747686850242 0.0001 519
1747686850903 0.0001 520
1747686851803 0.0001 521
1747686852478 0.0001 522
1747686864065 0.0001 523
1747686864904 0.0001 524
1747686865576 0.0001 525
1747686868640 0.0001 526
1747686869060 0.0001 527
1747686869434 0.0001 528
1747686872250 0.0001 529
1747686874328 0.0001 530
1747686874716 0.0001 531
1747686876825 0.0001 532
1747686877195 0.0001 533
1747686879806 0.0001 534
1747686880199 0.0001 535
1747686882406 0.0001 536
1747686884306 0.0001 537
1747686886208 0.0001 538
1747686887838 0.0001 539
1747686888205 0.0001 540
1747686899332 0.0001 541
1747686902256 0.0001 542
1747686902649 0.0001 543
1747686903027 0.0001 544
1747686903389 0.0001 545
1747686904200 0.0001 546
1747686905020 0.0001 547
1747686905710 0.0001 548
1747686908818 0.0001 549
1747686909204 0.0001 550
1747686911633 0.0001 551
1747686912088 0.0001 552
1747686914109 0.0001 553
1747686916345 0.0001 554
1747686916743 0.0001 555
1747686918928 0.0001 556
1747686919297 0.0001 557
1747686919666 0.0001 558
1747686932989 0.0001 559
1747686933402 0.0001 560
1747686933791 0.0001 561
1747686934166 0.0001 562
1747686936792 0.0001 563
1747686937200 0.0001 564
1747686937581 0.0001 565
1747686940244 0.0001 566
1747686940630 0.0001 567
1747686941002 0.0001 568
1747686944020 0.0001 569
1747686944392 0.0001 570
1747686944772 0.0001 571
1747686946918 0.0001 572
1747686948850 0.0001 573
1747686949242 0.0001 574
1747686951195 0.0001 575
1747686951552 0.0001 576
1747686964363 0.0001 577
1747686966363 0.0001 578
1747686966759 0.0001 579
1747686967154 0.0001 580
1747686967606 0.0001 581
1747686968269 0.0001 582
1747686969080 0.0001 583
1747686971880 0.0001 584
1747686974058 0.0001 585
1747686974480 0.0001 586
1747686974880 0.0001 587
1747686975246 0.0001 588
1747686976061 0.0001 589
1747686976725 0.0001 590
1747686977523 0.0001 591
1747686978193 0.0001 592
1747686979074 0.0001 593
1747686981244 0.0001 594
1747686994160 0.0001 595
1747686994550 0.0001 596
1747686996710 0.0001 597
1747686997111 0.0001 598
1747686999811 0.0001 599
1747687000207 0.0001 600
1747687000594 0.0001 601
1747687001006 0.0001 602
1747687003821 0.0001 603
1747687004220 0.0001 604
1747687004609 0.0001 605
1747687007430 0.0001 606
1747687009386 0.0001 607
1747687009782 0.0001 608
1747687011956 0.0001 609
1747687014120 0.0001 610
1747687014512 0.0001 611
1747687016121 0.0001 612
1747687028190 0.0001 613
1747687031400 0.0001 614
1747687031801 0.0001 615
1747687032185 0.0001 616
1747687032578 0.0001 617
1747687035587 0.0001 618
1747687035984 0.0001 619
1747687036376 0.0001 620
1747687036742 0.0001 621
1747687040196 0.0001 622
1747687040594 0.0001 623
1747687042755 0.0001 624
1747687043151 0.0001 625
1747687043568 0.0001 626
1747687043950 0.0001 627
1747687044743 0.0001 628
1747687045489 0.0001 629
1747687047565 0.0001 630
1747687058430 0.0001 631
1747687061366 0.0001 632
1747687063340 0.0001 633
1747687063743 0.0001 634
1747687066395 0.0001 635
1747687066792 0.0001 636
1747687067189 0.0001 637
1747687067738 0.0001 638
1747687068691 0.0001 639
1747687069425 0.0001 640
1747687070204 0.0001 641
1747687070995 0.0001 642
1747687073861 0.0001 643
1747687074254 0.0001 644
1747687076694 0.0001 645
1747687078823 0.0001 646
1747687080340 0.0001 647
1747687080730 0.0001 648
1747687093983 0.0001 649
1747687096220 0.0001 650
1747687096623 0.0001 651
1747687097012 0.0001 652
1747687099780 0.0001 653
1747687100181 0.0001 654
1747687100553 0.0001 655
1747687102977 0.0001 656
1747687105154 0.0001 657
1747687105557 0.0001 658
1747687108140 0.0001 659
1747687108528 0.0001 660
1747687108916 0.0001 661
1747687109284 0.0001 662
1747687110023 0.0001 663
1747687110925 0.0001 664
1747687111686 0.0001 665
1747687113942 0.0001 666
1747687125544 0.0001 667
1747687128402 0.0001 668
1747687128803 0.0001 669
1747687130961 0.0001 670
1747687132869 0.0001 671
1747687133272 0.0001 672
1747687135388 0.0001 673
1747687135774 0.0001 674
1747687138001 0.0001 675
1747687139979 0.0001 676
1747687140385 0.0001 677
1747687140779 0.0001 678
1747687141151 0.0001 679
1747687143690 0.0001 680
1747687144110 0.0001 681
1747687144489 0.0001 682
1747687146565 0.0001 683
1747687146947 0.0001 684
1747687157663 0.0001 685
1747687158357 0.0001 686
1747687161270 0.0001 687
1747687163124 0.0001 688
1747687163508 0.0001 689
1747687163883 0.0001 690
1747687166456 0.0001 691
1747687166850 0.0001 692
1747687167246 0.0001 693
1747687167765 0.0001 694
1747687170955 0.0001 695
1747687171323 0.0001 696
1747687173757 0.0001 697
1747687175736 0.0001 698
1747687176109 0.0001 699
1747687178496 0.0001 700
1747687178879 0.0001 701
1747687180732 0.0001 702
1747687194878 0.0001 703
1747687195268 0.0001 704
1747687197987 0.0001 705
1747687200367 0.0001 706
1747687202322 0.0001 707
1747687202710 0.0001 708
1747687205253 0.0001 709
1747687205656 0.0001 710
1747687208360 0.0001 711
1747687208754 0.0001 712
1747687211010 0.0001 713
1747687211412 0.0001 714
1747687213878 0.0001 715
1747687215828 0.0001 716
1747687218084 0.0001 717
1747687218476 0.0001 718
1747687218858 0.0001 719
1747687220473 0.0001 720
1747687232021 0.0001 721
1747687232733 0.0001 722
1747687233689 0.0001 723
1747687236855 0.0001 724
1747687237249 0.0001 725
1747687237664 0.0001 726
1747687240500 0.0001 727
1747687242505 0.0001 728
1747687244932 0.0001 729
1747687246873 0.0001 730
1747687247271 0.0001 731
1747687247680 0.0001 732
1747687250358 0.0001 733
1747687252180 0.0001 734
1747687252575 0.0001 735
1747687252986 0.0001 736
1747687253362 0.0001 737
1747687255508 0.0001 738
1747687268532 0.0001 739
1747687270816 0.0001 740
1747687272775 0.0001 741
1747687273170 0.0001 742
1747687273563 0.0001 743
1747687275954 0.0001 744
1747687276374 0.0001 745
1747687276778 0.0001 746
1747687279334 0.0001 747
1747687281282 0.0001 748
1747687281674 0.0001 749
1747687282041 0.0001 750
1747687282410 0.0001 751
1747687285281 0.0001 752
1747687285695 0.0001 753
1747687286085 0.0001 754
1747687288247 0.0001 755
1747687288633 0.0001 756
1747687299882 0.0001 757
1747687300715 0.0001 758
1747687301554 0.0001 759
1747687304534 0.0001 760
1747687304944 0.0001 761
1747687307526 0.0001 762
1747687309442 0.0001 763
1747687311320 0.0001 764
1747687313417 0.0001 765
1747687315336 0.0001 766
1747687315731 0.0001 767
1747687316111 0.0001 768
1747687316478 0.0001 769
1747687317278 0.0001 770
1747687318069 0.0001 771
1747687321300 0.0001 772
1747687321689 0.0001 773
1747687323092 0.0001 774
1747687334015 0.0001 775
1747687334925 0.0001 776
1747687335744 0.0001 777
1747687338399 0.0001 778
1747687338861 0.0001 779
1747687339248 0.0001 780
1747687341852 0.0001 781
1747687342254 0.0001 782
1747687342623 0.0001 783
1747687345719 0.0001 784
1747687347573 0.0001 785
1747687350015 0.0001 786
1747687350419 0.0001 787
1747687350797 0.0001 788
1747687353330 0.0001 789
1747687355241 0.0001 790
1747687355615 0.0001 791
1747687355981 0.0001 792
1747687368284 0.0001 793
1747687368694 0.0001 794
1747687369087 0.0001 795
1747687369561 0.0001 796
1747687370272 0.0001 797
1747687371065 0.0001 798
1747687371774 0.0001 799
1747687372569 0.0001 800
1747687373259 0.0001 801
1747687373956 0.0001 802
1747687376737 0.0001 803
1747687377142 0.0001 804
1747687379511 0.0001 805
1747687379910 0.0001 806
1747687380319 0.0001 807
1747687380699 0.0001 808
1747687381622 0.0001 809
1747687382517 0.0001 810
1747687396185 0.0001 811
1747687398602 0.0001 812
1747687398989 0.0001 813
1747687401515 0.0001 814
1747687403632 0.0001 815
1747687404018 0.0001 816
1747687404408 0.0001 817
1747687404826 0.0001 818
1747687405555 0.0001 819
1747687408688 0.0001 820
1747687409089 0.0001 821
1747687409469 0.0001 822
1747687409877 0.0001 823
1747687410556 0.0001 824
1747687411425 0.0001 825
1747687412204 0.0001 826
1747687414884 0.0001 827
1747687415256 0.0001 828
1747687426101 0.0001 829
1747687428746 0.0001 830
1747687429129 0.0001 831
1747687429517 0.0001 832
1747687432268 0.0001 833
1747687434092 0.0001 834
1747687436008 0.0001 835
1747687437883 0.0001 836
1747687438280 0.0001 837
1747687440331 0.0001 838
1747687440733 0.0001 839
1747687442882 0.0001 840
1747687443274 0.0001 841
1747687443658 0.0001 842
1747687446507 0.0001 843
1747687446908 0.0001 844
1747687447317 0.0001 845
1747687447783 0.0001 846
1747687459109 0.0001 847
1747687462279 0.0001 848
1747687464386 0.0001 849
1747687464758 0.0001 850
1747687465155 0.0001 851
1747687467562 0.0001 852
1747687469700 0.0001 853
1747687471710 0.0001 854
1747687472098 0.0001 855
1747687472496 0.0001 856
1747687472917 0.0001 857
1747687473597 0.0001 858
1747687474514 0.0001 859
1747687477519 0.0001 860
1747687479513 0.0001 861
1747687479907 0.0001 862
1747687480300 0.0001 863
1747687481971 0.0001 864
1747687492687 0.0001 865
1747687493716 0.0001 866
1747687494372 0.0001 867
1747687495216 0.0001 868
1747687497779 0.0001 869
1747687498198 0.0001 870
1747687498593 0.0001 871
1747687499242 0.0001 872
1747687500116 0.0001 873
1747687500802 0.0001 874
1747687503589 0.0001 875
1747687503989 0.0001 876
1747687504382 0.0001 877
1747687506559 0.0001 878
1747687506937 0.0001 879
1747687507311 0.0001 880
1747687507705 0.0001 881
1747687509910 0.0001 882
1747687522764 0.0001 883
1747687523157 0.0001 884
1747687525362 0.0001 885
1747687525751 0.0001 886
1747687526121 0.0001 887
1747687528742 0.0001 888
1747687530826 0.0001 889
1747687531224 0.0001 890
1747687533560 0.0001 891
1747687533937 0.0001 892
1747687534324 0.0001 893
1747687534773 0.0001 894
1747687537760 0.0001 895
1747687538165 0.0001 896
1747687538548 0.0001 897
1747687541486 0.0001 898
1747687541854 0.0001 899
1747687542218 0.0001 900
