1747685895093 0.06416010111570358 1
1747685905391 0.20861920714378357 1
1747685925829 0.02928754687309265 2
1747685958226 0.05351579561829567 3
1747685993000 0.07367322593927383 4
1747686023832 0.0 5
1747686054384 0.026440637186169624 6
1747686092696 0.16019511222839355 7
1747686131758 0.1342688649892807 8
1747686168210 0.10376454889774323 9
1747686204121 0.04603354260325432 10
1747686234282 0.028377298265695572 11
1747686268919 0.08278658986091614 12
1747686302581 0.05278947949409485 13
1747686344087 0.10625525563955307 14
1747686371751 0.034502364695072174 15
1747686404499 0.06738758832216263 16
1747686438460 0.14938312768936157 17
1747686473373 0.11283519864082336 18
1747686506587 0.02636650577187538 19
1747686546567 0.149533212184906 20
1747686585764 0.043484315276145935 21
1747686622034 0.09808246046304703 22
1747686659646 0.11101981997489929 23
1747686691263 0.03569433465600014 24
1747686723612 0.07926206290721893 25
1747686752628 0.05904464051127434 26
1747686789654 0.11066210269927979 27
1747686821271 0.0851147323846817 28
1747686852487 0.0511234812438488 29
1747686888214 0.1469128131866455 30
1747686919673 0.10905182361602783 31
1747686951558 0.026131004095077515 32
1747686981253 0.05898269638419151 33
1747687016130 0.11804056167602539 34
1747687047573 0.03972558677196503 35
1747687080736 0.03780478984117508 36
1747687113949 0.1194278672337532 37
1747687146954 0.07161544263362885 38
1747687180738 0.09241249412298203 39
1747687220480 0.026636919006705284 40
1747687255514 0.03314884752035141 41
1747687288640 0.003183909459039569 42
1747687323098 0.05253000184893608 43
1747687355986 0.02940351516008377 44
1747687382523 0.03460831567645073 45
1747687415262 0.17145292460918427 46
1747687447788 0.3424640893936157 47
1747687481980 0.3478933274745941 48
1747687509918 0.3349902033805847 49
1747687542227 0.3162824213504791 50
