1747685895093 0.780022382736206 1
1747685905391 0.6901298761367798 1
1747685925829 0.8528584241867065 2
1747685958226 0.828945517539978 3
1747685993000 0.8596516251564026 4
1747686023832 0.8286064863204956 5
1747686054384 0.8477315902709961 6
1747686092696 0.8503985404968262 7
1747686131758 0.8631703853607178 8
1747686168210 0.8520786166191101 9
1747686204121 0.869324266910553 10
1747686234282 0.8737114071846008 11
1747686268919 0.8527167439460754 12
1747686302581 0.8517852425575256 13
1747686344087 0.8811057209968567 14
1747686371751 0.8740355372428894 15
1747686404499 0.8759059906005859 16
1747686438460 0.8510937094688416 17
1747686473373 0.8729447722434998 18
1747686506587 0.8695105314254761 19
1747686546567 0.8598154783248901 20
1747686585764 0.873543381690979 21
1747686622034 0.8591023087501526 22
1747686659646 0.8988555073738098 23
1747686691263 0.8758592009544373 24
1747686723612 0.8731207251548767 25
1747686752628 0.876774787902832 26
1747686789654 0.8887631893157959 27
1747686821271 0.8727972507476807 28
1747686852487 0.881386935710907 29
1747686888214 0.8917503356933594 30
1747686919673 0.8772141933441162 31
1747686951558 0.8927605152130127 32
1747686981253 0.8859688639640808 33
1747687016130 0.881248414516449 34
1747687047573 0.8984799981117249 35
1747687080736 0.8813463449478149 36
1747687113949 0.9132542014122009 37
1747687146954 0.9059333801269531 38
1747687180738 0.9039914608001709 39
1747687220480 0.8775929808616638 40
1747687255514 0.9044021964073181 41
1747687288640 0.910221517086029 42
1747687323098 0.9166030883789062 43
1747687355986 0.9065229892730713 44
1747687382523 0.9131582975387573 45
1747687415262 0.8814511299133301 46
1747687447788 0.9103554487228394 47
1747687481980 0.9054288864135742 48
1747687509918 0.8756568431854248 49
1747687542227 0.8575843572616577 50
