1747685895093 0.5541774034500122 1
1747685925829 0.5838100910186768 2
1747685958226 0.5775442123413086 3
1747685993000 0.6000169515609741 4
1747686023832 0.5628789067268372 5
1747686054384 0.5786317586898804 6
1747686092696 0.6243226528167725 7
1747686131758 0.624809205532074 8
1747686168210 0.6089420318603516 9
1747686204121 0.5996723175048828 10
1747686234282 0.5938699245452881 11
1747686268919 0.6016750335693359 12
1747686302581 0.5912798047065735 13
1747686344087 0.6236335635185242 14
1747686371751 0.596863329410553 15
1747686404499 0.6104528307914734 16
1747686438460 0.6213290095329285 17
1747686473373 0.6245273351669312 18
1747686506587 0.5935051441192627 19
1747686546567 0.6254677772521973 20
1747686585764 0.6047642230987549 21
1747686622034 0.6104345917701721 22
1747686659646 0.6370766162872314 23
1747686691263 0.5980205535888672 24
1747686723612 0.6127191781997681 25
1747686752628 0.6083658337593079 26
1747686789654 0.6332681775093079 27
1747686821271 0.6128167510032654 28
1747686852487 0.6083871722221375 29
1747686888214 0.6470814347267151 30
1747686919673 0.6230679750442505 31
1747686951558 0.6049800515174866 32
1747686981253 0.6118929386138916 33
1747687016130 0.6333327889442444 34
1747687047573 0.6149268746376038 35
1747687080736 0.6018919348716736 36
1747687113949 0.6494866609573364 37
1747687146954 0.6300609111785889 38
1747687180738 0.6362758874893188 39
1747687220480 0.5950867533683777 40
1747687255514 0.6165621876716614 41
1747687288640 0.6108861565589905 42
1747687323098 0.6296990513801575 43
1747687355986 0.6166408061981201 44
1747687382523 0.6238324642181396 45
1747687415262 0.6500070095062256 46
1747687447788 0.7237070202827454 47
1747687481980 0.7199400663375854 48
1747687509918 0.7008934617042542 49
1747687542227 0.6875658631324768 50
