1747472318027 0.04216014966368675 1
1747472322249 0.0475175604224205 1
1747472328493 0.05965030938386917 2
1747472336377 0.06751502305269241 3
1747472342253 0.06901149451732635 4
1747472350743 0.056579865515232086 5
1747472360106 0.04144894331693649 6
1747472365814 0.05053616315126419 7
1747472371582 0.06492394953966141 8
1747472381160 0.09454728662967682 9
1747472388601 0.17086203396320343 10
1747472397056 0.3063214421272278 11
1747472405802 0.3283708095550537 12
1747472411535 0.41641944646835327 13
1747472419277 0.38266175985336304 14
1747472427084 0.48185157775878906 15
1747472434337 0.5230122208595276 16
1747472441632 0.5208280086517334 17
1747472449725 0.5974066257476807 18
1747472456225 0.5621060132980347 19
1747472462515 0.5563605427742004 20
1747472470512 0.5866994857788086 21
1747472475977 0.5685906410217285 22
1747472484847 0.5695663094520569 23
1747472492620 0.6251232624053955 24
1747472498571 0.6564025282859802 25
1747472508948 0.5891842842102051 26
1747472514382 0.6046929359436035 27
1747472522336 0.7200181484222412 28
1747472528700 0.7289724349975586 29
1747472537065 0.6575610637664795 30
1747472542176 0.6421043872833252 31
1747472549689 0.6906498670578003 32
1747472559398 0.7053903341293335 33
1747472566007 0.704857349395752 34
1747472572039 0.5727187395095825 35
1747472577791 0.6913076639175415 36
1747472584360 0.6825532913208008 37
1747472588563 0.6374200582504272 38
1747472593065 0.7505607008934021 39
1747472599932 0.7452079057693481 40
1747472606992 0.6575931310653687 41
1747472613661 0.7737826108932495 42
1747472620774 0.7369180917739868 43
1747472627407 0.7712924480438232 44
1747472634719 0.7599374651908875 45
1747472641673 0.6876360177993774 46
1747472648520 0.785805881023407 47
1747472655641 0.6589241027832031 48
1747472664349 0.7371455430984497 49
1747472673607 0.6821994781494141 50
