1747472312691 1.7295982837677002 1
1747472314917 1.6959173679351807 2
1747472316462 1.7373820543289185 3
1747472317887 1.591181755065918 4
1747472325517 1.6135954856872559 5
1747472325977 1.5966335535049438 6
1747472328153 1.5731459856033325 7
1747472328474 1.5757120847702026 8
1747472331666 1.5346522331237793 9
1747472334709 1.506612777709961 10
1747472336048 1.4903364181518555 11
1747472336370 1.5324491262435913 12
1747472339691 1.5228530168533325 13
1747472340211 1.4749934673309326 14
1747472340763 1.4932506084442139 15
1747472342246 1.4776082038879395 16
1747472347400 1.4219213724136353 17
1747472349004 1.4219931364059448 18
1747472349329 1.4293287992477417 19
1747472350734 1.3922312259674072 20
1747472355654 1.38823401927948 21
1747472357502 1.38126540184021 22
1747472358692 1.3145551681518555 23
1747472360095 1.3626859188079834 24
1747472363022 1.4091078042984009 25
1747472365115 1.295494794845581 26
1747472365468 1.397986650466919 27
1747472365806 1.3727556467056274 28
1747472368821 1.352109432220459 29
1747472369478 1.3185395002365112 30
1747472371248 1.3302206993103027 31
1747472371573 1.34029221534729 32
1747472376639 1.2874195575714111 33
1747472379306 1.2264411449432373 34
1747472379678 1.2664761543273926 35
1747472381151 1.2186894416809082 36
1747472384666 1.2519738674163818 37
1747472386898 1.2438628673553467 38
1747472387245 1.2145495414733887 39
1747472388592 1.1928610801696777 40
1747472392622 1.1745922565460205 41
1747472396295 1.1934831142425537 42
1747472396664 1.2322362661361694 43
1747472397048 1.1684482097625732 44
1747472402212 1.1681079864501953 45
1747472404075 1.1382808685302734 46
1747472404431 1.1596894264221191 47
1747472405793 1.1238954067230225 48
1747472409461 1.1215577125549316 49
1747472410081 1.19925057888031 50
1747472410706 1.1222426891326904 51
1747472411528 1.066489815711975 52
1747472416970 1.111145257949829 53
1747472417361 1.0773714780807495 54
1747472417724 1.1119911670684814 55
1747472419271 1.167319893836975 56
1747472422447 1.1752208471298218 57
1747472425376 1.0476754903793335 58
1747472426708 1.0306180715560913 59
1747472427077 1.008963942527771 60
1747472430703 1.0269569158554077 61
1747472433608 1.1516517400741577 62
1747472433961 1.0040574073791504 63
1747472434329 0.9861913919448853 64
1747472439098 1.1504837274551392 65
1747472439465 1.1370137929916382 66
1747472441273 0.9601297974586487 67
1747472441625 0.9492472410202026 68
1747472447538 1.0005371570587158 69
1747472447895 1.1239171028137207 70
1747472448254 0.9218649864196777 71
1747472449717 0.947044849395752 72
1747472453030 1.0495314598083496 73
1747472455558 1.1317589282989502 74
1747472455885 0.9309803247451782 75
1747472456218 0.8707727193832397 76
1747472459917 0.8993557691574097 77
1747472460707 0.8441770076751709 78
1747472461739 1.2649842500686646 79
1747472462506 1.1386229991912842 80
1747472466978 0.9954453110694885 81
1747472467740 0.9097638130187988 82
1747472470169 0.902381420135498 83
1747472470503 1.1036409139633179 84
1747472473922 1.088387370109558 85
1747472474515 0.94187992811203 86
1747472475322 0.9194058179855347 87
1747472475969 1.0101048946380615 88
1747472482388 1.0544354915618896 89
1747472482741 0.8613700866699219 90
1747472484481 1.0889248847961426 91
1747472484831 0.8983762860298157 92
1747472487808 1.0731077194213867 93
1747472490037 0.8837120532989502 94
1747472491335 0.870607316493988 95
1747472492614 0.9132087826728821 96
1747472495608 0.8292871713638306 97
1747472496171 1.0705180168151855 98
1747472498225 0.8429587483406067 99
1747472498562 0.8813154101371765 100
1747472504381 0.8214498162269592 101
1747472506141 1.105413556098938 102
1747472507435 0.9710527658462524 103
1747472508942 0.837600588798523 104
1747472512317 0.7417423725128174 105
1747472512951 0.7783040404319763 106
1747472513649 1.0735293626785278 107
1747472514374 1.0101127624511719 108
1747472519041 0.7571661472320557 109
1747472520602 0.7700703144073486 110
1747472520937 1.0389994382858276 111
1747472522325 0.771527111530304 112
1747472525456 0.7364115118980408 113
1747472528004 1.084486722946167 114
1747472528345 0.6955293416976929 115
1747472528691 0.6669926643371582 116
1747472533746 0.7284553647041321 117
1747472535475 0.6504145860671997 118
1747472535831 1.1944067478179932 119
1747472537058 0.6576015949249268 120
1747472540121 0.648647665977478 121
1747472540871 0.7405949831008911 122
1747472541605 0.8654229640960693 123
1747472542168 1.0585514307022095 124
1747472547063 0.6593326330184937 125
1747472547414 0.6204989552497864 126
1747472549361 0.8813011646270752 127
1747472549681 1.0278569459915161 128
1747472553112 0.7145172357559204 129
1747472556070 0.8109784722328186 130
1747472557634 1.0234028100967407 131
1747472559391 0.6752469539642334 132
1747472563010 0.6899715662002563 133
1747472563504 1.005999207496643 134
1747472565673 0.6613893508911133 135
1747472565999 0.7050177454948425 136
1747472570994 1.0074406862258911 137
1747472571338 1.098148226737976 138
1747472571676 0.7618198394775391 139
1747472572031 0.6050257682800293 140
1747472574848 0.7579798698425293 141
1747472577134 0.6076055765151978 142
1747472577457 0.6608258485794067 143
1747472577786 1.0188192129135132 144
1747472582224 0.7860450744628906 145
1747472582589 0.9890509843826294 146
1747472584014 0.6391856670379639 147
1747472584351 0.7339490652084351 148
1747472586981 0.7971946597099304 149
1747472587492 0.971833348274231 150
1747472588081 1.065230131149292 151
1747472588557 0.7355179786682129 152
1747472591395 0.9679632186889648 153
1747472591950 0.6102511882781982 154
1747472592582 0.6626931428909302 155
1747472593058 0.6266850233078003 156
1747472596124 0.6441372036933899 157
1747472598379 0.6135138869285583 158
1747472599607 1.0051945447921753 159
1747472599927 0.5916522741317749 160
1747472603123 0.7986575961112976 161
1747472603811 0.9878952503204346 162
1747472605757 0.5929224491119385 163
1747472606985 0.5845713019371033 164
1747472611457 0.6309865117073059 165
1747472611813 0.639359176158905 166
1747472612179 0.9472894668579102 167
1747472613650 0.5479292273521423 168
1747472617020 0.961230993270874 169
1747472617717 0.6156929731369019 170
1747472619569 0.8396800756454468 171
1747472620767 0.5786312818527222 172
1747472623613 0.6104471683502197 173
1747472624220 0.541228175163269 174
1747472626159 0.5419350862503052 175
1747472627396 0.9894440174102783 176
1747472631519 0.6133211255073547 177
1747472633152 0.9478582143783569 178
1747472633500 0.581951379776001 179
1747472634710 0.5315889716148376 180
1747472638831 0.5213809609413147 181
1747472639205 0.9735426306724548 182
1747472640481 0.5280898809432983 183
1747472641665 0.8043075203895569 184
1747472644948 0.5086448192596436 185
1747472647754 0.938618540763855 186
1747472648134 0.5139966011047363 187
1747472648508 0.5860046744346619 188
1747472654563 0.9867032766342163 189
1747472654924 0.7629081010818481 190
1747472655275 0.5679807066917419 191
1747472655634 0.5277817249298096 192
1747472660601 0.6892303228378296 193
1747472662421 0.9478316903114319 194
1747472662780 0.5693237781524658 195
1747472664343 0.5183979868888855 196
1747472669888 0.5203003883361816 197
1747472671720 0.9795973300933838 198
1747472673243 0.5748463273048401 199
1747472673601 0.7294459342956543 200
