1747472312711 0.0001 1
1747472314924 0.0001 2
1747472316466 0.0001 3
1747472317889 0.0001 4
1747472325530 0.0001 5
1747472325980 0.0001 6
1747472328155 0.0001 7
1747472328476 0.0001 8
1747472331669 0.0001 9
1747472334712 0.0001 10
1747472336050 0.0001 11
1747472336371 0.0001 12
1747472339694 0.0001 13
1747472340213 0.0001 14
1747472340765 0.0001 15
1747472342248 0.0001 16
1747472347402 0.0001 17
1747472349006 0.0001 18
1747472349330 0.0001 19
1747472350735 0.0001 20
1747472355658 0.0001 21
1747472357504 0.0001 22
1747472358694 0.0001 23
1747472360097 0.0001 24
1747472363024 0.0001 25
1747472365117 0.0001 26
1747472365471 0.0001 27
1747472365807 0.0001 28
1747472368824 0.0001 29
1747472369480 0.0001 30
1747472371250 0.0001 31
1747472371575 0.0001 32
1747472376641 0.0001 33
1747472379309 0.0001 34
1747472379679 0.0001 35
1747472381153 0.0001 36
1747472384668 0.0001 37
1747472386900 0.0001 38
1747472387247 0.0001 39
1747472388594 0.0001 40
1747472392625 0.0001 41
1747472396296 0.0001 42
1747472396666 0.0001 43
1747472397050 0.0001 44
1747472402213 0.0001 45
1747472404077 0.0001 46
1747472404433 0.0001 47
1747472405795 0.0001 48
1747472409463 0.0001 49
1747472410082 0.0001 50
1747472410709 0.0001 51
1747472411530 0.0001 52
1747472416971 0.0001 53
1747472417363 0.0001 54
1747472417725 0.0001 55
1747472419272 0.0001 56
1747472422450 0.0001 57
1747472425378 0.0001 58
1747472426710 0.0001 59
1747472427079 0.0001 60
1747472430706 0.0001 61
1747472433609 0.0001 62
1747472433962 0.0001 63
1747472434331 0.0001 64
1747472439100 0.0001 65
1747472439467 0.0001 66
1747472441274 0.0001 67
1747472441626 0.0001 68
1747472447541 0.0001 69
1747472447898 0.0001 70
1747472448255 0.0001 71
1747472449720 0.0001 72
1747472453032 0.0001 73
1747472455560 0.0001 74
1747472455887 0.0001 75
1747472456220 0.0001 76
1747472459921 0.0001 77
1747472460709 0.0001 78
1747472461742 0.0001 79
1747472462508 0.0001 80
1747472466983 0.0001 81
1747472467745 0.0001 82
1747472470171 0.0001 83
1747472470505 0.0001 84
1747472473924 0.0001 85
1747472474517 0.0001 86
1747472475325 0.0001 87
1747472475971 0.0001 88
1747472482390 0.0001 89
1747472482746 0.0001 90
1747472484484 0.0001 91
1747472484833 0.0001 92
1747472487810 0.0001 93
1747472490038 0.0001 94
1747472491337 0.0001 95
1747472492615 0.0001 96
1747472495612 0.0001 97
1747472496174 0.0001 98
1747472498228 0.0001 99
1747472498563 0.0001 100
1747472504383 0.0001 101
1747472506142 0.0001 102
1747472507436 0.0001 103
1747472508944 0.0001 104
1747472512321 0.0001 105
1747472512954 0.0001 106
1747472513651 0.0001 107
1747472514376 0.0001 108
1747472519042 0.0001 109
1747472520604 0.0001 110
1747472520938 0.0001 111
1747472522327 0.0001 112
1747472525458 0.0001 113
1747472528006 0.0001 114
1747472528347 0.0001 115
1747472528692 0.0001 116
1747472533749 0.0001 117
1747472535476 0.0001 118
1747472535832 0.0001 119
1747472537060 0.0001 120
1747472540123 0.0001 121
1747472540873 0.0001 122
1747472541607 0.0001 123
1747472542170 0.0001 124
1747472547066 0.0001 125
1747472547416 0.0001 126
1747472549363 0.0001 127
1747472549683 0.0001 128
1747472553116 0.0001 129
1747472556071 0.0001 130
1747472557636 0.0001 131
1747472559392 0.0001 132
1747472563012 0.0001 133
1747472563506 0.0001 134
1747472565674 0.0001 135
1747472566002 0.0001 136
1747472570996 0.0001 137
1747472571341 0.0001 138
1747472571678 0.0001 139
1747472572032 0.0001 140
1747472574850 0.0001 141
1747472577136 0.0001 142
1747472577459 0.0001 143
1747472577787 0.0001 144
1747472582226 0.0001 145
1747472582591 0.0001 146
1747472584016 0.0001 147
1747472584352 0.0001 148
1747472586983 0.0001 149
1747472587495 0.0001 150
1747472588083 0.0001 151
1747472588558 0.0001 152
1747472591397 0.0001 153
1747472591952 0.0001 154
1747472592584 0.0001 155
1747472593060 0.0001 156
1747472596127 0.0001 157
1747472598381 0.0001 158
1747472599608 0.0001 159
1747472599929 0.0001 160
1747472603126 0.0001 161
1747472603813 0.0001 162
1747472605760 0.0001 163
1747472606986 0.0001 164
1747472611458 0.0001 165
1747472611816 0.0001 166
1747472612181 0.0001 167
1747472613653 0.0001 168
1747472617023 0.0001 169
1747472617719 0.0001 170
1747472619571 0.0001 171
1747472620769 0.0001 172
1747472623615 0.0001 173
1747472624223 0.0001 174
1747472626161 0.0001 175
1747472627397 0.0001 176
1747472631521 0.0001 177
1747472633154 0.0001 178
1747472633503 0.0001 179
1747472634713 0.0001 180
1747472638833 0.0001 181
1747472639207 0.0001 182
1747472640482 0.0001 183
1747472641667 0.0001 184
1747472644950 0.0001 185
1747472647756 0.0001 186
1747472648135 0.0001 187
1747472648512 0.0001 188
1747472654565 0.0001 189
1747472654926 0.0001 190
1747472655277 0.0001 191
1747472655635 0.0001 192
1747472660602 0.0001 193
1747472662422 0.0001 194
1747472662782 0.0001 195
1747472664344 0.0001 196
1747472669890 0.0001 197
1747472671722 0.0001 198
1747472673244 0.0001 199
1747472673602 0.0001 200
