1747472318027 0.08460238575935364 1
1747472322249 0.05780790373682976 1
1747472328493 0.09080366790294647 2
1747472336377 0.10691093653440475 3
1747472342253 0.10617189854383469 4
1747472350743 0.14046306908130646 5
1747472360106 0.15278586745262146 6
1747472365814 0.11700259149074554 7
1747472371582 0.1355839967727661 8
1747472381160 0.25003212690353394 9
1747472388601 0.2676944434642792 10
1747472397056 0.24170178174972534 11
1747472405802 0.2595978379249573 12
1747472411535 0.24875374138355255 13
1747472419277 0.22349965572357178 14
1747472427084 0.24582183361053467 15
1747472434337 0.19890502095222473 16
1747472441632 0.21273720264434814 17
1747472449725 0.1418762505054474 18
1747472456225 0.3397420346736908 19
1747472462515 0.3740386366844177 20
1747472470512 0.39388081431388855 21
1747472475977 0.3779340982437134 22
1747472484847 0.32273679971694946 23
1747472492620 0.42760568857192993 24
1747472498571 0.4977560341358185 25
1747472508948 0.4601367115974426 26
1747472514382 0.4429309368133545 27
1747472522336 0.614386796951294 28
1747472528700 0.6533029675483704 29
1747472537065 0.618575930595398 30
1747472542176 0.5757671594619751 31
1747472549689 0.6012292504310608 32
1747472559398 0.6364305019378662 33
1747472566007 0.665310263633728 34
1747472572039 0.5195611715316772 35
1747472577791 0.5769366025924683 36
1747472584360 0.6061074137687683 37
1747472588563 0.4471823573112488 38
1747472593065 0.6934926509857178 39
1747472599932 0.7018356323242188 40
1747472606992 0.6147262454032898 41
1747472613661 0.7333314418792725 42
1747472620774 0.6248458623886108 43
1747472627407 0.7629649639129639 44
1747472634719 0.7618188858032227 45
1747472641673 0.6053680181503296 46
1747472648520 0.7633369565010071 47
1747472655641 0.643200159072876 48
1747472664349 0.6893430352210999 49
1747472673607 0.673974871635437 50
