1747472318027 0.06338126957416534 1
1747472328493 0.07522699236869812 2
1747472336377 0.08721297979354858 3
1747472342253 0.08759169280529022 4
1747472350743 0.09852147102355957 5
1747472360106 0.09711740911006927 6
1747472365814 0.08376938104629517 7
1747472371582 0.10025396943092346 8
1747472381160 0.17228971421718597 9
1747472388601 0.2192782461643219 10
1747472397056 0.27401161193847656 11
1747472405802 0.2939842939376831 12
1747472411535 0.3325865864753723 13
1747472419277 0.3030807077884674 14
1747472427084 0.36383670568466187 15
1747472434337 0.36095860600471497 16
1747472441632 0.36678260564804077 17
1747472449725 0.36964142322540283 18
1747472456225 0.4509240388870239 19
1747472462515 0.4651995897293091 20
1747472470512 0.49029016494750977 21
1747472475977 0.47326236963272095 22
1747472484847 0.4461515545845032 23
1747472492620 0.5263645052909851 24
1747472498571 0.5770792961120605 25
1747472508948 0.5246605277061462 26
1747472514382 0.523811936378479 27
1747472522336 0.6672024726867676 28
1747472528700 0.6911376714706421 29
1747472537065 0.6380685567855835 30
1747472542176 0.6089357733726501 31
1747472549689 0.6459395885467529 32
1747472559398 0.6709103584289551 33
1747472566007 0.68508380651474 34
1747472572039 0.5461399555206299 35
1747472577791 0.6341221332550049 36
1747472584360 0.6443303227424622 37
1747472588563 0.5423011779785156 38
1747472593065 0.7220267057418823 39
1747472599932 0.7235218286514282 40
1747472606992 0.6361597180366516 41
1747472613661 0.753557026386261 42
1747472620774 0.6808819770812988 43
1747472627407 0.7671287059783936 44
1747472634719 0.7608782052993774 45
1747472641673 0.6465020179748535 46
1747472648520 0.774571418762207 47
1747472655641 0.6510621309280396 48
1747472664349 0.7132442593574524 49
1747472673607 0.6780871748924255 50
