1747826665141 0.896781861782074 1
1747826675968 0.7025949358940125 1
1747826707192 0.8836989998817444 2
1747826746325 0.8942326903343201 3
1747826784198 0.8958159685134888 4
1747826827447 0.8866319060325623 5
1747826864993 0.9141271114349365 6
1747826904640 0.9224048852920532 7
1747826942627 0.9113396406173706 8
1747826975556 0.9134010672569275 9
1747827011035 0.9177150130271912 10
1747827053581 0.9123216867446899 11
1747827089221 0.9065041542053223 12
1747827132708 0.9310101270675659 13
1747827179780 0.9237416386604309 14
1747827226840 0.8980346322059631 15
1747827267598 0.9105539917945862 16
1747827307971 0.9233579039573669 17
1747827352014 0.9191899299621582 18
1747827401158 0.9221020340919495 19
1747827442936 0.9212501645088196 20
1747827483136 0.9212438464164734 21
1747827526598 0.9299502968788147 22
1747827564385 0.9247178435325623 23
1747827609387 0.9254838824272156 24
1747827654679 0.9326930046081543 25
1747827695775 0.9325407147407532 26
1747827735346 0.9310183525085449 27
1747827776115 0.9254127144813538 28
1747827813012 0.9147270321846008 29
1747827851407 0.9268273711204529 30
1747827892348 0.9206493496894836 31
1747827931343 0.9234607815742493 32
1747827971720 0.9219756126403809 33
1747828012279 0.9329023957252502 34
1747828056602 0.9288855791091919 35
1747828094369 0.9290638566017151 36
1747828134406 0.9216156005859375 37
1747828178047 0.9216878414154053 38
1747828215600 0.9288172721862793 39
1747828256289 0.9241693019866943 40
1747828301762 0.9306560158729553 41
1747828337749 0.9163129925727844 42
1747828378022 0.9299754500389099 43
1747828418331 0.9247779846191406 44
1747828463573 0.9227871298789978 45
1747828504323 0.9351886510848999 46
1747828547345 0.9285170435905457 47
1747828588353 0.921596884727478 48
1747828632153 0.9322660565376282 49
1747828670129 0.9351726174354553 50
