1747826635687 0.36592215299606323 1
1747826636113 0.3898662328720093 2
1747826636517 0.45912373065948486 3
1747826639693 0.4091307818889618 4
1747826640084 0.3708781599998474 5
1747826642126 0.3825414478778839 6
1747826644164 0.4079335331916809 7
1747826646296 0.41571712493896484 8
1747826646679 0.38967809081077576 9
1747826648786 0.36038124561309814 10
1747826650686 0.453465074300766 11
1747826651071 0.3956378996372223 12
1747826651445 0.3973241150379181 13
1747826653901 0.3592938482761383 14
1747826656077 0.7512199878692627 15
1747826656463 0.41319921612739563 16
1747826656855 0.3564094305038452 17
1747826658977 0.40347450971603394 18
1747826660893 0.44339224696159363 19
1747826662888 0.3964146375656128 20
1747826663283 0.37328028678894043 21
1747826663655 0.4522567391395569 22
1747826665054 0.3518521785736084 23
1747826677469 0.39010167121887207 24
1747826680502 0.380005419254303 25
1747826682374 0.3765268623828888 26
1747826682781 0.5996307730674744 27
1747826684894 0.36730533838272095 28
1747826686582 0.3929969072341919 29
1747826686965 0.38097822666168213 30
1747826687348 0.4098462760448456 31
1747826689958 0.358830064535141 32
1747826691944 0.7620319724082947 33
1747826692327 0.4511520266532898 34
1747826692724 0.40535518527030945 35
1747826693118 0.36148738861083984 36
1747826693823 0.4240613579750061 37
1747826694658 0.357359915971756 38
1747826697177 0.44969528913497925 39
1747826699203 0.3779331147670746 40
1747826699590 0.3391273319721222 41
1747826699987 0.3497244119644165 42
1747826702272 0.4045189321041107 43
1747826704169 0.4594782590866089 44
1747826705672 0.3804427981376648 45
1747826707186 0.34975695610046387 46
1747826719633 0.4044923186302185 47
1747826720522 0.3647679090499878 48
1747826721331 0.3967188596725464 49
1747826724199 0.36661094427108765 50
1747826726274 0.4090502858161926 51
1747826726658 0.5377929210662842 52
1747826728607 0.49297258257865906 53
1747826728995 0.43458154797554016 54
1747826729377 0.3629889488220215 55
1747826729769 0.48519015312194824 56
1747826732631 0.3516894578933716 57
1747826732998 0.3645923137664795 58
1747826733392 0.40255969762802124 59
1747826733780 0.34569841623306274 60
1747826734397 0.3447530269622803 61
1747826737587 0.350748211145401 62
1747826739676 0.5512752532958984 63
1747826740037 0.3993321657180786 64
1747826742030 0.36612120270729065 65
1747826743976 0.367678701877594 66
1747826744337 0.37805479764938354 67
1747826745944 0.4077424108982086 68
1747826746315 0.358729749917984 69
1747826759029 0.664879560470581 70
1747826759653 0.3605843186378479 71
1747826762805 0.6613833904266357 72
1747826764821 0.34677547216415405 73
1747826765206 0.32439371943473816 74
1747826767596 0.32915639877319336 75
1747826769494 0.3973025381565094 76
1747826769871 0.34250324964523315 77
1747826770269 0.36605045199394226 78
1747826770714 0.3622554838657379 79
1747826771479 0.42432260513305664 80
1747826772183 0.3589805066585541 81
1747826772913 0.34356170892715454 82
1747826776065 0.476105272769928 83
1747826776470 0.3738190829753876 84
1747826776839 0.3519551455974579 85
1747826777233 0.5140564441680908 86
1747826778218 0.466532826423645 87
1747826779066 0.3407072424888611 88
1747826781711 0.4561570882797241 89
1747826783469 0.40042844414711 90
1747826783832 0.4134136736392975 91
1747826784191 0.3537018299102783 92
1747826797109 0.34554600715637207 93
1747826800143 0.34840869903564453 94
1747826801973 0.3536338806152344 95
1747826802365 0.3725433945655823 96
1747826802753 0.4279581904411316 97
1747826805611 0.4998858571052551 98
1747826805979 0.3610124886035919 99
1747826808085 0.34667953848838806 100
1747826808475 0.3442898094654083 101
1747826810768 0.41328322887420654 102
1747826811146 0.3078264892101288 103
1747826811540 0.6372082829475403 104
1747826813680 0.4942956864833832 105
1747826815816 0.33333492279052734 106
1747826816195 0.6946312189102173 107
1747826818410 0.5022004842758179 108
1747826820446 0.3443131446838379 109
1747826822241 0.4792594313621521 110
1747826822628 0.41724875569343567 111
1747826824698 0.3341977596282959 112
1747826826712 0.34113186597824097 113
1747826827077 0.37936151027679443 114
1747826827438 0.3077481985092163 115
1747826839940 0.39578163623809814 116
1747826842565 0.48622220754623413 117
1747826842960 0.34442394971847534 118
1747826843339 0.39671844244003296 119
1747826843709 0.40516021847724915 120
1747826846951 0.37522509694099426 121
1747826847326 0.32836753129959106 122
1747826849252 0.30763691663742065 123
1747826849638 0.33509036898612976 124
1747826850043 0.33529913425445557 125
1747826852746 0.33491066098213196 126
1747826854655 0.42276573181152344 127
1747826855046 0.3903840482234955 128
1747826855442 0.28703391551971436 129
1747826855816 0.34623128175735474 130
1747826858728 0.37715059518814087 131
1747826859129 0.35249775648117065 132
1747826859504 0.4798814654350281 133
1747826860088 0.33901262283325195 134
1747826862702 0.43168535828590393 135
1747826863121 0.3263270854949951 136
1747826864631 0.3436116576194763 137
1747826864981 0.37483644485473633 138
1747826876837 0.3983321189880371 139
1747826880014 0.34683820605278015 140
1747826880391 0.3327968716621399 141
1747826880790 0.3343086242675781 142
1747826883117 0.2936019003391266 143
1747826883495 0.3200610876083374 144
1747826885821 0.42703065276145935 145
1747826886208 0.4634970426559448 146
1747826886605 0.3697781562805176 147
1747826887059 0.35790175199508667 148
1747826887853 0.3093040883541107 149
1747826888710 0.4484868347644806 150
1747826889459 0.3704460859298706 151
1747826890162 0.2895266115665436 152
1747826892610 0.3188181519508362 153
1747826894855 0.3396860361099243 154
1747826895240 0.32639265060424805 155
1747826897460 0.32271796464920044 156
1747826899328 0.35332366824150085 157
1747826901190 0.3351515829563141 158
1747826901571 0.3255462944507599 159
1747826903198 0.4211524426937103 160
1747826904633 0.32165130972862244 161
1747826917207 0.6231380105018616 162
1747826920142 0.40906447172164917 163
1747826920525 0.36418405175209045 164
1747826922655 0.3324323296546936 165
1747826923044 0.37531259655952454 166
1747826923431 0.4470692574977875 167
1747826923862 0.33632850646972656 168
1747826924663 0.3334859013557434 169
1747826925507 0.30959513783454895 170
1747826928110 0.30695056915283203 171
1747826928519 0.34137505292892456 172
1747826928911 0.3669486343860626 173
1747826929338 0.33186304569244385 174
1747826932104 0.2847049832344055 175
1747826932492 0.3189637064933777 176
1747826932882 0.3763523995876312 177
1747826933252 0.3787843883037567 178
1747826936175 0.3143599033355713 179
1747826938055 0.317757248878479 180
1747826940021 0.34255242347717285 181
1747826940395 0.3263384699821472 182
1747826942249 0.3767024874687195 183
1747826942620 0.4210190773010254 184
1747826954714 0.2821137011051178 185
1747826955514 0.4481913447380066 186
1747826956318 0.42324769496917725 187
1747826956977 0.3369646966457367 188
1747826957670 0.31547605991363525 189
1747826958316 0.3252032399177551 190
1747826958954 0.31344154477119446 191
1747826959586 0.31586533784866333 192
1747826962135 0.3381986916065216 193
1747826962527 0.43870747089385986 194
1747826964584 0.42051029205322266 195
1747826964967 0.26885986328125 196
1747826965356 0.42003384232521057 197
1747826967804 0.3306690454483032 198
1747826968190 0.4416236877441406 199
1747826968593 0.3361463248729706 200
1747826968994 0.3461201786994934 201
1747826969680 0.3123320937156677 202
1747826970453 0.32162222266197205 203
1747826971127 0.4180779457092285 204
1747826971905 0.42344459891319275 205
1747826974215 0.3687054514884949 206
1747826975549 0.3733028173446655 207
1747826987495 0.3099915683269501 208
1747826988151 0.2913271188735962 209
1747826988810 0.43035179376602173 210
1747826989583 0.339535117149353 211
1747826992403 0.36582762002944946 212
1747826992789 0.26277294754981995 213
1747826994760 0.3145442605018616 214
1747826996744 0.3523547053337097 215
1747826998697 0.359799325466156 216
1747826999083 0.3664214015007019 217
1747826999474 0.3174346089363098 218
1747827001789 0.3627870976924896 219
1747827002161 0.5462959408760071 220
1747827002557 0.34244611859321594 221
1747827002923 0.32422739267349243 222
1747827003703 0.40396514534950256 223
1747827004523 0.30386874079704285 224
1747827005268 0.4681386649608612 225
1747827005971 0.36324748396873474 226
1747827008710 0.3227698802947998 227
1747827009114 0.30893442034721375 228
1747827009504 0.31692057847976685 229
1747827011027 0.3455268442630768 230
1747827023431 0.3433414399623871 231
1747827026180 0.4412514865398407 232
1747827026576 0.46847614645957947 233
1747827028771 0.3305811583995819 234
1747827030837 0.3079257011413574 235
1747827031232 0.40202969312667847 236
1747827031621 0.3585570752620697 237
1747827034552 0.3632833957672119 238
1747827036480 0.32731300592422485 239
1747827038409 0.3138250708580017 240
1747827040669 0.32633957266807556 241
1747827041067 0.5691716074943542 242
1747827041454 0.3884921669960022 243
1747827041822 0.32981622219085693 244
1747827044990 0.298231840133667 245
1747827045369 0.3581387400627136 246
1747827045755 0.2548975646495819 247
1747827048391 0.32957273721694946 248
1747827050304 0.3210103213787079 249
1747827050693 0.35933011770248413 250
1747827051084 0.3094747066497803 251
1747827051554 0.3638964891433716 252
1747827053574 0.32010698318481445 253
1747827066376 0.3706170320510864 254
1747827067259 0.3565788269042969 255
1747827068138 0.3013600707054138 256
1747827068863 0.456386536359787 257
1747827071872 0.38040822744369507 258
1747827072264 0.31970369815826416 259
1747827072654 0.43575233221054077 260
1747827073020 0.3083578050136566 261
1747827073729 0.30656665563583374 262
1747827074606 0.30267030000686646 263
1747827075507 0.4800514280796051 264
1747827076414 0.32141193747520447 265
1747827079151 0.40627580881118774 266
1747827079537 0.4218328595161438 267
1747827081596 0.3668551743030548 268
1747827083507 0.3111017048358917 269
1747827083918 0.3934224247932434 270
1747827084317 0.3426873981952667 271
1747827087122 0.3827623128890991 272
1747827087522 0.31791916489601135 273
1747827087895 0.3076784312725067 274
1747827088437 0.306699275970459 275
1747827089214 0.2996060848236084 276
1747827101347 0.30910226702690125 277
1747827104547 0.2550998032093048 278
1747827106661 0.3321039080619812 279
1747827107053 0.3152952194213867 280
1747827107452 0.3321314752101898 281
1747827109985 0.32504621148109436 282
1747827110365 0.278709352016449 283
1747827110783 0.3646758496761322 284
1747827111381 0.29236412048339844 285
1747827114743 0.3573901355266571 286
1747827116587 0.30964088439941406 287
1747827116971 0.3462596535682678 288
1747827119293 0.38730037212371826 289
1747827121284 0.3460597097873688 290
1747827121684 0.3168410658836365 291
1747827124317 0.29852625727653503 292
1747827124704 0.29912638664245605 293
1747827127558 0.31959691643714905 294
1747827127943 0.3538312017917633 295
1747827130471 0.30437448620796204 296
1747827130866 0.30853527784347534 297
1747827131251 0.29782241582870483 298
1747827132700 0.28905579447746277 299
1747827147682 0.24666130542755127 300
1747827148619 0.2952265441417694 301
1747827152147 0.3573629856109619 302
1747827152522 0.31491589546203613 303
1747827154828 0.40244507789611816 304
1747827156914 0.35403695702552795 305
1747827158962 0.31104743480682373 306
1747827159357 0.30504781007766724 307
1747827159742 0.3288547992706299 308
1747827162568 0.3181859850883484 309
1747827162993 0.41854485869407654 310
1747827163405 0.35086849331855774 311
1747827165585 0.2835905849933624 312
1747827165997 0.2885695695877075 313
1747827168391 0.2979883551597595 314
1747827170336 0.276406466960907 315
1747827170718 0.3441082239151001 316
1747827173344 0.29987549781799316 317
1747827173719 0.2907349169254303 318
1747827176040 0.3749620318412781 319
1747827177901 0.3197612762451172 320
1747827179408 0.3267183303833008 321
1747827179773 0.3235846757888794 322
1747827192756 0.29517054557800293 323
1747827193521 0.3735591173171997 324
1747827196759 0.3179261386394501 325
1747827198699 0.5486408472061157 326
1747827201353 0.48731493949890137 327
1747827203206 0.3123014271259308 328
1747827203595 0.5039154291152954 329
1747827206331 0.36312592029571533 330
1747827206718 0.3069935441017151 331
1747827209062 0.3699844479560852 332
1747827209442 0.4020894765853882 333
1747827212144 0.4844180941581726 334
1747827214003 0.2895166873931885 335
1747827215974 0.41027048230171204 336
1747827218438 0.2927522361278534 337
1747827218819 0.39210233092308044 338
1747827219244 0.2858900725841522 339
1747827221637 0.2964910864830017 340
1747827223649 0.3206481635570526 341
1747827225675 0.43028154969215393 342
1747827226056 0.3064236044883728 343
1747827226462 0.36615365743637085 344
1747827226829 0.33461514115333557 345
1747827240471 0.30038461089134216 346
1747827241382 0.40484052896499634 347
1747827242149 0.5603227615356445 348
1747827245668 0.29036200046539307 349
1747827246039 0.2448481321334839 350
1747827246425 0.41800034046173096 351
1747827246820 0.30082905292510986 352
1747827249863 0.32511216402053833 353
1747827250236 0.3613860607147217 354
1747827250637 0.3535895049571991 355
1747827253320 0.34098243713378906 356
1747827255314 0.3149428069591522 357
1747827257133 0.3535218834877014 358
1747827257515 0.3298801779747009 359
1747827257918 0.2990928888320923 360
1747827258293 0.3344697952270508 361
1747827259217 0.30530625581741333 362
1747827259978 0.3177432715892792 363
1747827263139 0.4181826710700989 364
1747827263517 0.3651694655418396 365
1747827263934 0.2820277810096741 366
1747827265960 0.3730028569698334 367
1747827267588 0.30106136202812195 368
1747827282735 0.3014439046382904 369
1747827285207 0.4854345917701721 370
1747827285631 0.28443020582199097 371
1747827286000 0.34172651171684265 372
1747827286663 0.3708067834377289 373
1747827289222 0.3075040280818939 374
1747827291211 0.30362439155578613 375
1747827293366 0.32965582609176636 376
1747827293748 0.28156113624572754 377
1747827294128 0.3998120427131653 378
1747827294683 0.309373676776886 379
1747827297613 0.25142696499824524 380
1747827298007 0.39328157901763916 381
1747827298392 0.2938624620437622 382
1747827298819 0.2891908884048462 383
1747827302244 0.3725108802318573 384
1747827302635 0.2416999340057373 385
1747827303049 0.3156263828277588 386
1747827303419 0.3398476243019104 387
1747827304127 0.286923348903656 388
1747827307208 0.30445218086242676 389
1747827307596 0.3678801953792572 390
1747827307964 0.3069571256637573 391
1747827322840 0.37427186965942383 392
1747827323237 0.279438316822052 393
1747827323612 0.42091885209083557 394
1747827326485 0.42501747608184814 395
1747827328650 0.304817259311676 396
1747827329041 0.3660636246204376 397
1747827331158 0.302498996257782 398
1747827333209 0.39333537220954895 399
1747827333592 0.2934300899505615 400
1747827336102 0.24688991904258728 401
1747827336491 0.324515163898468 402
1747827338591 0.37538379430770874 403
1747827338991 0.2865139842033386 404
1747827341035 0.258611798286438 405
1747827342844 0.34093183279037476 406
1747827343229 0.31130048632621765 407
1747827343630 0.2933902144432068 408
1747827346455 0.2847517132759094 409
1747827346850 0.29443588852882385 410
1747827349399 0.31298208236694336 411
1747827351275 0.2855508327484131 412
1747827351642 0.33139118552207947 413
1747827352007 0.28353893756866455 414
1747827364871 0.36406633257865906 415
1747827368046 0.22392934560775757 416
1747827370181 0.2844443917274475 417
1747827372377 0.2908708155155182 418
1747827372766 0.38055604696273804 419
1747827375069 0.29383280873298645 420
1747827375453 0.31196898221969604 421
1747827377643 0.29991352558135986 422
1747827379471 0.2779524624347687 423
1747827379858 0.39410507678985596 424
1747827382666 0.2761648893356323 425
1747827384809 0.3790896534919739 426
1747827385183 0.27274516224861145 427
1747827385588 0.374668687582016 428
1747827385999 0.38088569045066833 429
1747827388845 0.32975655794143677 430
1747827390970 0.2908185124397278 431
1747827393113 0.37195420265197754 432
1747827395175 0.31150105595588684 433
1747827395557 0.33823198080062866 434
1747827398255 0.2399013340473175 435
1747827399640 0.28157317638397217 436
1747827401151 0.3342583179473877 437
1747827416464 0.3109900653362274 438
1747827418655 0.41683119535446167 439
1747827419081 0.3926483690738678 440
1747827421606 0.3003371059894562 441
1747827421991 0.4175642728805542 442
1747827422386 0.3526759147644043 443
1747827422991 0.3360336124897003 444
1747827423755 0.3055832087993622 445
1747827427277 0.368219792842865 446
1747827427669 0.33124595880508423 447
1747827429847 0.2818352282047272 448
1747827431835 0.3447168469429016 449
1747827432221 0.25892525911331177 450
1747827434446 0.22203510999679565 451
1747827434846 0.27319958806037903 452
1747827435239 0.2859441339969635 453
1747827435705 0.2795722782611847 454
1747827438463 0.26352566480636597 455
1747827438871 0.3684067726135254 456
1747827439260 0.2621627151966095 457
1747827439710 0.3699391186237335 458
1747827442559 0.29552510380744934 459
1747827442926 0.3050893545150757 460
1747827458266 0.28868603706359863 461
1747827460448 0.31688040494918823 462
1747827460830 0.36608362197875977 463
1747827461218 0.31000256538391113 464
1747827463515 0.2793591022491455 465
1747827465849 0.3137657940387726 466
1747827466232 0.3440970778465271 467
1747827466619 0.2629891335964203 468
1747827467035 0.33559343218803406 469
1747827467869 0.3604291081428528 470
1747827471002 0.28193217515945435 471
1747827472998 0.2683262228965759 472
1747827473387 0.282309889793396 473
1747827473776 0.42573991417884827 474
1747827474178 0.3057791292667389 475
1747827477062 0.22063538432121277 476
1747827477458 0.27729129791259766 477
1747827477841 0.264173686504364 478
1747827478478 0.2976691722869873 479
1747827479223 0.3810664117336273 480
1747827482398 0.2729862928390503 481
1747827482757 0.26712727546691895 482
1747827483125 0.4100560247898102 483
1747827498364 0.3144494891166687 484
1747827500517 0.2832150161266327 485
1747827500902 0.26672419905662537 486
1747827501288 0.3366672396659851 487
1747827503798 0.329997718334198 488
1747827506105 0.2814748287200928 489
1747827506502 0.3306025564670563 490
1747827508588 0.21640421450138092 491
1747827508994 0.30147242546081543 492
1747827511035 0.27330559492111206 493
1747827511428 0.26944419741630554 494
1747827513958 0.23650005459785461 495
1747827514337 0.29309818148612976 496
1747827514704 0.2520196735858917 497
1747827516994 0.2983303666114807 498
1747827517408 0.45328426361083984 499
1747827517800 0.32225555181503296 500
1747827518542 0.29225513339042664 501
1747827521791 0.28561022877693176 502
1747827522183 0.3102322220802307 503
1747827524741 0.35137632489204407 504
1747827525118 0.27347296476364136 505
1747827526591 0.28166335821151733 506
1747827539858 0.3982422947883606 507
1747827540773 0.3257242739200592 508
1747827543308 0.33918845653533936 509
1747827545430 0.3181496262550354 510
1747827545815 0.27028200030326843 511
1747827547943 0.27297818660736084 512
1747827548335 0.31974416971206665 513
1747827550570 0.2265535295009613 514
1747827552424 0.2782057821750641 515
1747827552825 0.2477266490459442 516
1747827553240 0.26657339930534363 517
1747827553611 0.3014962375164032 518
1747827556175 0.2500196099281311 519
1747827556553 0.33353230357170105 520
1747827556959 0.261694997549057 521
1747827557379 0.32141467928886414 522
1747827558316 0.2573871612548828 523
1747827559242 0.34006789326667786 524
1747827559986 0.3590255379676819 525
1747827560724 0.2421792596578598 526
1747827561640 0.28963181376457214 527
1747827564000 0.4241750240325928 528
1747827564378 0.27521371841430664 529
1747827579441 0.2731105387210846 530
1747827579856 0.2776227593421936 531
1747827580235 0.3399170935153961 532
1747827582407 0.2662339508533478 533
1747827582801 0.42370933294296265 534
1747827583202 0.30169808864593506 535
1747827583596 0.2951066792011261 536
1747827584347 0.3538881838321686 537
1747827587155 0.4202975332736969 538
1747827587538 0.26906320452690125 539
1747827590593 0.2635742127895355 540
1747827590979 0.26298028230667114 541
1747827591357 0.2657221555709839 542
1747827591954 0.273817241191864 543
1747827592793 0.2535124719142914 544
1747827596238 0.3179851174354553 545
1747827597987 0.24671670794487 546
1747827600009 0.3617977201938629 547
1747827602429 0.248416930437088 548
1747827604428 0.2897053360939026 549
1747827606423 0.2550845742225647 550
1747827607783 0.27600473165512085 551
1747827609379 0.2663438320159912 552
1747827622419 0.29465198516845703 553
1747827623265 0.29037949442863464 554
1747827624014 0.26122719049453735 555
1747827624731 0.20651549100875854 556
1747827628195 0.30492186546325684 557
1747827628576 0.342670202255249 558
1747827631026 0.25225287675857544 559
1747827633183 0.3391059339046478 560
1747827635030 0.2978297770023346 561
1747827637148 0.32029569149017334 562
1747827637549 0.3177626430988312 563
1747827640149 0.2588210999965668 564
1747827640550 0.259746253490448 565
1747827642593 0.2701893150806427 566
1747827642981 0.1977805644273758 567
1747827643354 0.2816227376461029 568
1747827646192 0.2654535174369812 569
1747827648117 0.26860737800598145 570
1747827648506 0.3177478015422821 571
1747827648914 0.25251859426498413 572
1747827651625 0.25206315517425537 573
1747827653186 0.2631891965866089 574
1747827654672 0.2573155164718628 575
1747827668841 0.24832183122634888 576
1747827672342 0.3085499405860901 577
1747827672733 0.30705899000167847 578
1747827674973 0.27425578236579895 579
1747827675365 0.42275702953338623 580
1747827675752 0.27665066719055176 581
1747827676175 0.326010525226593 582
1747827677008 0.3300817906856537 583
1747827680011 0.27084115147590637 584
1747827682171 0.20263174176216125 585
1747827682547 0.2573178708553314 586
1747827684590 0.24118156731128693 587
1747827686658 0.3686789572238922 588
1747827687059 0.2460404634475708 589
1747827687457 0.31960633397102356 590
1747827687840 0.3277933895587921 591
1747827688586 0.2518254518508911 592
1747827691887 0.25616905093193054 593
1747827693782 0.2764587104320526 594
1747827694163 0.1865638792514801 595
1747827694537 0.28008386492729187 596
1747827695078 0.24252890050411224 597
1747827695766 0.2928549349308014 598
1747827708002 0.2486160546541214 599
1747827708796 0.24332015216350555 600
1747827711185 0.1807481050491333 601
1747827711571 0.2473454624414444 602
1747827711947 0.2514820992946625 603
1747827714299 0.4443671703338623 604
1747827714683 0.27008742094039917 605
1747827715090 0.26768168807029724 606
1747827717326 0.2000790685415268 607
1747827719494 0.2537176311016083 608
1747827721279 0.23879587650299072 609
1747827721675 0.3200879693031311 610
1747827722069 0.22522005438804626 611
1747827724336 0.29452863335609436 612
1747827724720 0.2949628531932831 613
1747827726633 0.34291738271713257 614
1747827727019 0.3110100030899048 615
1747827727423 0.30221128463745117 616
1747827730068 0.2951074540615082 617
1747827730441 0.25032103061676025 618
1747827732276 0.281171053647995 619
1747827733741 0.24189133942127228 620
1747827735339 0.3111741542816162 621
1747827749991 0.2494669258594513 622
1747827751957 0.2684016525745392 623
1747827752344 0.38734200596809387 624
1747827754969 0.3915097713470459 625
1747827756886 0.2518751621246338 626
1747827757276 0.27670544385910034 627
1747827757663 0.439791202545166 628
1747827760389 0.25251758098602295 629
1747827760763 0.2571425437927246 630
1747827761156 0.35925981402397156 631
1747827761562 0.2565128803253174 632
1747827762473 0.34178996086120605 633
1747827763339 0.31535834074020386 634
1747827764001 0.2816160023212433 635
1747827764841 0.23455558717250824 636
1747827767824 0.1876773089170456 637
1747827770088 0.2374236285686493 638
1747827770473 0.25269457697868347 639
1747827770865 0.18776418268680573 640
1747827771320 0.311259001493454 641
1747827772095 0.3001454472541809 642
1747827774556 0.2559981346130371 643
1747827776108 0.2594972252845764 644
1747827790115 0.25488507747650146 645
1747827790514 0.23241809010505676 646
1747827790890 0.24123476445674896 647
1747827791268 0.24407190084457397 648
1747827791903 0.2572740316390991 649
1747827792589 0.3029857277870178 650
1747827795366 0.6010194420814514 651
1747827797306 0.37739336490631104 652
1747827797691 0.3043500781059265 653
1747827798078 0.2484259307384491 654
1747827798483 0.28115302324295044 655
1747827801306 0.2451847940683365 656
1747827801711 0.2529045045375824 657
1747827803766 0.2910468876361847 658
1747827805589 0.27891701459884644 659
1747827805983 0.4175530672073364 660
1747827808024 0.3412824869155884 661
1747827810344 0.3096142113208771 662
1747827810716 0.2539967894554138 663
1747827811108 0.19281327724456787 664
1747827811470 0.4038809537887573 665
1747827812284 0.2409542202949524 666
1747827813002 0.29488512873649597 667
1747827827210 0.274631142616272 668
1747827828886 0.3521922528743744 669
1747827830714 0.33166927099227905 670
1747827832561 0.29068076610565186 671
1747827834597 0.2554478049278259 672
1747827836713 0.3212421238422394 673
1747827837086 0.28194254636764526 674
1747827837490 0.17982739210128784 675
1747827837884 0.2670186460018158 676
1747827838521 0.22900226712226868 677
1747827839351 0.33991193771362305 678
1747827839978 0.41522231698036194 679
1747827840781 0.23598378896713257 680
1747827843741 0.24029944837093353 681
1747827844117 0.25272059440612793 682
1747827844519 0.2741740942001343 683
1747827847150 0.20259393751621246 684
1747827847517 0.32111406326293945 685
1747827849551 0.3025565445423126 686
1747827849920 0.23769116401672363 687
1747827850318 0.27714604139328003 688
1747827850754 0.23032380640506744 689
1747827851396 0.2514112591743469 690
1747827866322 0.2592508792877197 691
1747827868197 0.3769873082637787 692
1747827870244 0.2846616804599762 693
1747827870631 0.29845184087753296 694
1747827871001 0.3311687707901001 695
1747827873420 0.2020360231399536 696
1747827873820 0.2617245316505432 697
1747827876057 0.2562786638736725 698
1747827876438 0.27795395255088806 699
1747827876834 0.24609360098838806 700
1747827879461 0.24525006115436554 701
1747827881301 0.3517259359359741 702
1747827883004 0.2806263566017151 703
1747827883391 0.2533382773399353 704
1747827883789 0.18313896656036377 705
1747827884270 0.22932444512844086 706
1747827885181 0.312974750995636 707
1747827885814 0.28677672147750854 708
1747827888399 0.28038057684898376 709
1747827890141 0.32221436500549316 710
1747827890529 0.240097776055336 711
1747827890917 0.2701904773712158 712
1747827892340 0.5022342205047607 713
1747827904300 0.2325211614370346 714
1747827905121 0.26527079939842224 715
1747827908501 0.2787157893180847 716
1747827908871 0.2242644727230072 717
1747827910965 0.18404141068458557 718
1747827911347 0.41390252113342285 719
1747827913341 0.34566253423690796 720
1747827913730 0.2356296330690384 721
1747827915740 0.2372104376554489 722
1747827916123 0.2221643030643463 723
1747827916508 0.223027765750885 724
1747827918652 0.2726061940193176 725
1747827920773 0.28351280093193054 726
1747827921169 0.3102138638496399 727
1747827921558 0.3759780526161194 728
1747827921923 0.2757352292537689 729
1747827924258 0.240320086479187 730
1747827924639 0.2235967516899109 731
1747827925039 0.29730314016342163 732
1747827925473 0.20217788219451904 733
1747827928607 0.28130704164505005 734
1747827929989 0.3330639600753784 735
1747827931330 0.2669893503189087 736
1747827945312 0.31392624974250793 737
1747827945693 0.22661323845386505 738
1747827946074 0.27222806215286255 739
1747827948523 0.21714676916599274 740
1747827950407 0.2379993200302124 741
1747827950793 0.25018054246902466 742
1747827951189 0.2286970615386963 743
1747827953427 0.2729012668132782 744
1747827953826 0.36371299624443054 745
1747827954200 0.6516525745391846 746
1747827957045 0.1793762743473053 747
1747827957441 0.2603394389152527 748
1747827957831 0.23802882432937622 749
1747827960527 0.2496064305305481 750
1747827962374 0.3135295510292053 751
1747827962763 0.23739422857761383 752
1747827964908 0.33792760968208313 753
1747827966704 0.2912149131298065 754
1747827967093 0.29159247875213623 755
1747827969492 0.2225169539451599 756
1747827969879 0.3314436972141266 757
1747827970272 0.1715637743473053 758
1747827971712 0.26484620571136475 759
1747827987115 0.3190465569496155 760
1747827987500 0.26802101731300354 761
1747827987891 0.3073485493659973 762
1747827990510 0.2503778040409088 763
1747827990892 0.2643465995788574 764
1747827991292 0.20387351512908936 765
1747827994110 0.21332290768623352 766
1747827994517 0.29855629801750183 767
1747827994915 0.16654092073440552 768
1747827995372 0.3118937909603119 769
1747827998116 0.2688731253147125 770
1747827998504 0.21755436062812805 771
1747827998905 0.23804406821727753 772
1747828001035 0.28269609808921814 773
1747828002961 0.30469635128974915 774
1747828003357 0.2230978012084961 775
1747828005483 0.18579795956611633 776
1747828005864 0.21357782185077667 777
1747828006257 0.22547732293605804 778
1747828008894 0.2129334807395935 779
1747828009286 0.30322781205177307 780
1747828010962 0.22288097441196442 781
1747828012273 0.27557849884033203 782
1747828026779 0.29445502161979675 783
1747828028867 0.24424335360527039 784
1747828029253 0.24914373457431793 785
1747828029629 0.23579639196395874 786
1747828032430 0.22066153585910797 787
1747828034418 0.2617987394332886 788
1747828034806 0.22048157453536987 789
1747828037066 0.21051228046417236 790
1747828037465 0.19127359986305237 791
1747828037841 0.3678611218929291 792
1747828038260 0.21321170032024384 793
1747828038993 0.2629793882369995 794
1747828039852 0.17748785018920898 795
1747828040654 0.2590440511703491 796
1747828043632 0.2363860309123993 797
1747828045654 0.3537375330924988 798
1747828047568 0.25917428731918335 799
1747828049988 0.3623789846897125 800
1747828052105 0.24321523308753967 801
1747828054117 0.3442067503929138 802
1747828054491 0.1752302050590515 803
1747828054875 0.36459892988204956 804
1747828056595 0.25216782093048096 805
1747828070393 0.21914786100387573 806
1747828070779 0.40711885690689087 807
1747828071162 0.22862061858177185 808
1747828071559 0.3180510401725769 809
1747828074824 0.20974509418010712 810
1747828075206 0.23377513885498047 811
1747828075621 0.2714548110961914 812
1747828078057 0.2364879846572876 813
1747828078470 0.43637263774871826 814
1747828078857 0.21692271530628204 815
1747828081487 0.21772514283657074 816
1747828081887 0.3572773337364197 817
1747828082281 0.3493119776248932 818
1747828084404 0.21573685109615326 819
1747828086391 0.15772579610347748 820
1747828086777 0.33440878987312317 821
1747828087181 0.21451811492443085 822
1747828087765 0.16281887888908386 823
1747828090207 0.2310057282447815 824
1747828090599 0.2740984559059143 825
1747828090971 0.22607174515724182 826
1747828092863 0.19333486258983612 827
1747828094363 0.2531854510307312 828
1747828106306 0.20576655864715576 829
1747828107018 0.23647981882095337 830
1747828109892 0.20575492084026337 831
1747828111609 0.2819339632987976 832
1747828111993 0.1966170370578766 833
1747828112379 0.22267800569534302 834
1747828112748 0.22053372859954834 835
1747828115460 0.22755368053913116 836
1747828117527 0.23616553843021393 837
1747828119437 0.21035395562648773 838
1747828119830 0.33204537630081177 839
1747828121976 0.33721721172332764 840
1747828123758 0.22372619807720184 841
1747828125804 0.4127168357372284 842
1747828127906 0.281791627407074 843
1747828128299 0.2324315309524536 844
1747828128686 0.4705234169960022 845
1747828129262 0.3905186355113983 846
1747828130032 0.24690964818000793 847
1747828133273 0.27107125520706177 848
1747828133643 0.35078394412994385 849
1747828134037 0.27689605951309204 850
1747828134396 0.2450944036245346 851
1747828149317 0.2756808400154114 852
1747828149756 0.29810795187950134 853
1747828150165 0.29962146282196045 854
1747828153079 0.23702695965766907 855
1747828154777 0.22260868549346924 856
1747828156694 0.38770484924316406 857
1747828158701 0.23093298077583313 858
1747828159084 0.25276070833206177 859
1747828161657 0.40418943762779236 860
1747828163754 0.19643419981002808 861
1747828164135 0.21597522497177124 862
1747828166196 0.3263288736343384 863
1747828168354 0.23612052202224731 864
1747828168745 0.2935672104358673 865
1747828171135 0.2885141670703888 866
1747828171523 0.1638862043619156 867
1747828171917 0.29418063163757324 868
1747828174253 0.273794949054718 869
1747828174621 0.266436904668808 870
1747828175019 0.3031371533870697 871
1747828175386 0.2574537694454193 872
1747828176124 0.16342781484127045 873
1747828178036 0.25307759642601013 874
1747828191032 0.21347923576831818 875
1747828191932 0.20459537208080292 876
1747828192707 0.19071239233016968 877
1747828193632 0.21598705649375916 878
1747828194384 0.228681743144989 879
1747828195268 0.20249880850315094 880
1747828198235 0.21832413971424103 881
1747828198618 0.21706438064575195 882
1747828199047 0.2771732807159424 883
1747828199525 0.5884819030761719 884
1747828200432 0.22364994883537292 885
1747828201382 0.44891178607940674 886
1747828204601 0.2333146631717682 887
1747828204987 0.28440406918525696 888
1747828207146 0.2654239535331726 889
1747828207536 0.417930006980896 890
1747828207944 0.21750494837760925 891
1747828210322 0.28567782044410706 892
1747828210699 0.29385480284690857 893
1747828211101 0.21583642065525055 894
1747828211490 0.25345808267593384 895
1747828214126 0.16385456919670105 896
1747828215594 0.2084716111421585 897
1747828229406 0.2829413414001465 898
1747828231355 0.20757658779621124 899
1747828233324 0.21826642751693726 900
1747828235441 0.1642579436302185 901
1747828237349 0.21064496040344238 902
1747828237741 0.2343013435602188 903
1747828239775 0.4776604473590851 904
1747828240151 0.20189011096954346 905
1747828242866 0.22687503695487976 906
1747828243271 0.17048273980617523 907
1747828243678 0.2851690649986267 908
1747828244093 0.24750304222106934 909
1747828244997 0.2366870939731598 910
1747828245860 0.45372143387794495 911
1747828246825 0.20823192596435547 912
1747828247513 0.19146841764450073 913
1747828250557 0.2889332175254822 914
1747828250938 0.22927425801753998 915
1747828251312 0.41045671701431274 916
1747828253983 0.22541803121566772 917
1747828254364 0.2231227159500122 918
1747828255918 0.25465843081474304 919
1747828256283 0.20380854606628418 920
1747828271642 0.21356140077114105 921
1747828272035 0.2777673006057739 922
1747828274505 0.21393603086471558 923
1747828276298 0.29310110211372375 924
1747828278066 0.19039133191108704 925
1747828279936 0.19507163763046265 926
1747828282196 0.24109935760498047 927
1747828284213 0.1706666499376297 928
1747828284595 0.3525887131690979 929
1747828286765 0.23671934008598328 930
1747828287176 0.20040787756443024 931
1747828289939 0.28642648458480835 932
1747828291663 0.23053531348705292 933
1747828293466 0.2078135907649994 934
1747828293867 0.29615241289138794 935
1747828294274 0.2932847738265991 936
1747828294668 0.4186651110649109 937
1747828295391 0.20013995468616486 938
1747828296100 0.2012418657541275 939
1747828299187 0.21383428573608398 940
1747828299578 0.261310875415802 941
1747828299964 0.19228877127170563 942
1747828301755 0.24559563398361206 943
1747828313690 0.21994087100028992 944
1747828314452 0.23889175057411194 945
1747828315285 0.2946309745311737 946
1747828316231 0.3935989439487457 947
1747828316958 0.23131364583969116 948
1747828317889 0.23780620098114014 949
1747828318647 0.2722577750682831 950
1747828321593 0.2318662703037262 951
1747828321967 0.21935811638832092 952
1747828323956 0.4369945228099823 953
1747828324339 0.33660998940467834 954
1747828324737 0.3055073618888855 955
1747828325221 0.2838137149810791 956
1747828325926 0.21195781230926514 957
1747828326725 0.2244553565979004 958
1747828329702 0.20802068710327148 959
1747828330090 0.27853620052337646 960
1747828330493 0.3197089731693268 961
1747828330868 0.24303877353668213 962
1747828334208 0.3948749899864197 963
1747828334585 0.23436395823955536 964
1747828336344 0.25415340065956116 965
1747828337743 0.16545817255973816 966
1747828351834 0.23774772882461548 967
1747828352213 0.2818082571029663 968
1747828352603 0.24877217411994934 969
1747828353195 0.20675674080848694 970
1747828355630 0.20902499556541443 971
1747828357388 0.16532975435256958 972
1747828357791 0.2015944868326187 973
1747828358173 0.24383608996868134 974
1747828358740 0.21685096621513367 975
1747828361619 0.21829374134540558 976
1747828363633 0.22054679691791534 977
1747828364035 0.19855812191963196 978
1747828366190 0.24756383895874023 979
1747828366572 0.1914730668067932 980
1747828368905 0.23412202298641205 981
1747828369292 0.3900803327560425 982
1747828369700 0.20671360194683075 983
1747828370194 0.2683112323284149 984
1747828371066 0.36477476358413696 985
1747828374354 0.203369140625 986
1747828376181 0.2788190543651581 987
1747828376552 0.35434919595718384 988
1747828378011 0.2254822850227356 989
1747828393157 0.22497566044330597 990
1747828393531 0.21434670686721802 991
1747828393930 0.2709820866584778 992
1747828394493 0.20678460597991943 993
1747828396985 0.20177702605724335 994
1747828398831 0.20181068778038025 995
1747828400711 0.3863872289657593 996
1747828402488 0.20655786991119385 997
1747828402872 0.3126011788845062 998
1747828403277 0.1975441724061966 999
1747828403667 0.25517749786376953 1000
1747828404288 0.4154816269874573 1001
1747828405003 0.14021846652030945 1002
1747828405734 0.1522398293018341 1003
1747828406481 0.34792131185531616 1004
1747828409177 0.193893700838089 1005
1747828411254 0.2376098930835724 1006
1747828413350 0.2849104106426239 1007
1747828415336 0.2581988573074341 1008
1747828417174 0.19601289927959442 1009
1747828417573 0.23967981338500977 1010
1747828417948 0.22593723237514496 1011
1747828418320 0.19525885581970215 1012
1747828431027 0.29536229372024536 1013
1747828431926 0.2463647872209549 1014
1747828435163 0.26069390773773193 1015
1747828437140 0.19393616914749146 1016
1747828439054 0.18164817988872528 1017
1747828440876 0.18626843392848969 1018
1747828441265 0.39779743552207947 1019
1747828443788 0.22953583300113678 1020
1747828445879 0.23133975267410278 1021
1747828447986 0.2750411629676819 1022
1747828450160 0.2894785702228546 1023
1747828450542 0.14326868951320648 1024
1747828450939 0.24342595040798187 1025
1747828453745 0.26421672105789185 1026
1747828454128 0.1714567095041275 1027
1747828454513 0.36768248677253723 1028
1747828456836 0.2577095925807953 1029
1747828458955 0.30431127548217773 1030
1747828460672 0.19278711080551147 1031
1747828462443 0.2302660048007965 1032
1747828462826 0.2548930048942566 1033
1747828463211 0.21238088607788086 1034
1747828463566 0.29368749260902405 1035
1747828475829 0.21760080754756927 1036
1747828476459 0.18242087960243225 1037
1747828477148 0.3359927535057068 1038
1747828477987 0.1879691630601883 1039
1747828478870 0.1961250752210617 1040
1747828481874 0.2044670283794403 1041
1747828482251 0.2218819409608841 1042
1747828484776 0.22175490856170654 1043
1747828485165 0.2560162842273712 1044
1747828485564 0.19691307842731476 1045
1747828485945 0.18552356958389282 1046
1747828486819 0.1490909457206726 1047
1747828489697 0.3160131871700287 1048
1747828491540 0.2620728015899658 1049
1747828491931 0.22509720921516418 1050
1747828492312 0.24546600878238678 1051
1747828494704 0.19682644307613373 1052
1747828496654 0.19004780054092407 1053
1747828497060 0.30194100737571716 1054
1747828499147 0.21486356854438782 1055
1747828501066 0.17834633588790894 1056
1747828502818 0.19007380306720734 1057
1747828504314 0.27523869276046753 1058
1747828516486 0.17926043272018433 1059
1747828517219 0.13200701773166656 1060
1747828520346 0.2520458996295929 1061
1747828522309 0.18317140638828278 1062
1747828524388 0.2101055085659027 1063
1747828524764 0.2551000118255615 1064
1747828525144 0.1711883842945099 1065
1747828525584 0.18799681961536407 1066
1747828528106 0.21327176690101624 1067
1747828530034 0.1741049587726593 1068
1747828531852 0.16611135005950928 1069
1747828532233 0.29445868730545044 1070
1747828534500 0.24583709239959717 1071
1747828536580 0.37101417779922485 1072
1747828536972 0.3050559163093567 1073
1747828539355 0.20925456285476685 1074
1747828539743 0.21728447079658508 1075
1747828540133 0.2198173999786377 1076
1747828542862 0.27415895462036133 1077
1747828543246 0.2710937261581421 1078
1747828545546 0.19444599747657776 1079
1747828545931 0.29024428129196167 1080
1747828547338 0.18327446281909943 1081
1747828559596 0.19544371962547302 1082
1747828560498 0.45180729031562805 1083
1747828561207 0.181741401553154 1084
1747828564352 0.3409023582935333 1085
1747828564738 0.24731501936912537 1086
1747828566858 0.19280046224594116 1087
1747828567230 0.2551541030406952 1088
1747828569476 0.30383163690567017 1089
1747828569865 0.17980749905109406 1090
1747828572021 0.32751578092575073 1091
1747828574026 0.18816690146923065 1092
1747828575936 0.18852339684963226 1093
1747828577634 0.15848752856254578 1094
1747828578019 0.24965918064117432 1095
1747828578399 0.17856886982917786 1096
1747828578808 0.2024567425251007 1097
1747828579599 0.2054920196533203 1098
1747828582524 0.24213272333145142 1099
1747828582896 0.34995755553245544 1100
1747828583268 0.21242456138134003 1101
1747828585514 0.2137013077735901 1102
1747828587043 0.20476604998111725 1103
1747828588346 0.27296704053878784 1104
1747828600638 0.2511747181415558 1105
1747828603465 0.3445013761520386 1106
1747828605626 0.20784135162830353 1107
1747828607539 0.2688165605068207 1108
1747828607923 0.22286568582057953 1109
1747828610342 0.23076167702674866 1110
1747828612317 0.19173663854599 1111
1747828612715 0.18472564220428467 1112
1747828613123 0.1849519908428192 1113
1747828613593 0.21885012090206146 1114
1747828616928 0.25089314579963684 1115
1747828618939 0.2181444764137268 1116
1747828621014 0.29766660928726196 1117
1747828621413 0.2052619606256485 1118
1747828621797 0.16722387075424194 1119
1747828624408 0.13427208364009857 1120
1747828624810 0.17489579319953918 1121
1747828625185 0.19924446940422058 1122
1747828627550 0.21876376867294312 1123
1747828627949 0.1884409338235855 1124
1747828630448 0.17043820023536682 1125
1747828631778 0.2621592879295349 1126
1747828632146 0.23412925004959106 1127
1747828644724 0.25681617856025696 1128
1747828647242 0.2065688669681549 1129
1747828647646 0.30702754855155945 1130
1747828649742 0.24031104147434235 1131
1747828650128 0.17024996876716614 1132
1747828650516 0.2059439718723297 1133
1747828650898 0.27794671058654785 1134
1747828651609 0.2816188335418701 1135
1747828652293 0.181258425116539 1136
1747828655238 0.25075599551200867 1137
1747828655645 0.12833459675312042 1138
1747828656049 0.16720567643642426 1139
1747828658301 0.18633128702640533 1140
1747828660264 0.2441289871931076 1141
1747828660653 0.24224704504013062 1142
1747828662682 0.18228523433208466 1143
1747828663067 0.19622433185577393 1144
1747828665234 0.2530727982521057 1145
1747828665618 0.16871491074562073 1146
1747828667648 0.16486507654190063 1147
1747828668038 0.17061331868171692 1148
1747828669737 0.18131500482559204 1149
1747828670119 0.19201065599918365 1150
