1747826635690 0.0001 1
1747826636118 0.0001 2
1747826636520 0.0001 3
1747826639694 0.0001 4
1747826640086 0.0001 5
1747826642128 0.0001 6
1747826644167 0.0001 7
1747826646297 0.0001 8
1747826646683 0.0001 9
1747826648790 0.0001 10
1747826650688 0.0001 11
1747826651073 0.0001 12
1747826651449 0.0001 13
1747826653903 0.0001 14
1747826656079 0.0001 15
1747826656465 0.0001 16
1747826656857 0.0001 17
1747826658979 0.0001 18
1747826660896 0.0001 19
1747826662899 0.0001 20
1747826663286 0.0001 21
1747826663657 0.0001 22
1747826665056 0.0001 23
1747826677492 0.0001 24
1747826680504 0.0001 25
1747826682376 0.0001 26
1747826682783 0.0001 27
1747826684896 0.0001 28
1747826686584 0.0001 29
1747826686967 0.0001 30
1747826687350 0.0001 31
1747826689960 0.0001 32
1747826691946 0.0001 33
1747826692330 0.0001 34
1747826692726 0.0001 35
1747826693120 0.0001 36
1747826693825 0.0001 37
1747826694660 0.0001 38
1747826697179 0.0001 39
1747826699205 0.0001 40
1747826699593 0.0001 41
1747826699989 0.0001 42
1747826702274 0.0001 43
1747826704171 0.0001 44
1747826705674 0.0001 45
1747826707187 0.0001 46
1747826719636 0.0001 47
1747826720524 0.0001 48
1747826721334 0.0001 49
1747826724201 0.0001 50
1747826726276 0.0001 51
1747826726661 0.0001 52
1747826728608 0.0001 53
1747826728997 0.0001 54
1747826729379 0.0001 55
1747826729772 0.0001 56
1747826732633 0.0001 57
1747826733002 0.0001 58
1747826733394 0.0001 59
1747826733781 0.0001 60
1747826734400 0.0001 61
1747826737589 0.0001 62
1747826739678 0.0001 63
1747826740040 0.0001 64
1747826742033 0.0001 65
1747826743977 0.0001 66
1747826744341 0.0001 67
1747826745946 0.0001 68
1747826746316 0.0001 69
1747826759032 0.0001 70
1747826759656 0.0001 71
1747826762806 0.0001 72
1747826764823 0.0001 73
1747826765209 0.0001 74
1747826767598 0.0001 75
1747826769496 0.0001 76
1747826769873 0.0001 77
1747826770273 0.0001 78
1747826770716 0.0001 79
1747826771482 0.0001 80
1747826772185 0.0001 81
1747826772917 0.0001 82
1747826776067 0.0001 83
1747826776472 0.0001 84
1747826776842 0.0001 85
1747826777235 0.0001 86
1747826778220 0.0001 87
1747826779068 0.0001 88
1747826781713 0.0001 89
1747826783471 0.0001 90
1747826783833 0.0001 91
1747826784193 0.0001 92
1747826797112 0.0001 93
1747826800145 0.0001 94
1747826801975 0.0001 95
1747826802368 0.0001 96
1747826802755 0.0001 97
1747826805613 0.0001 98
1747826805982 0.0001 99
1747826808087 0.0001 100
1747826808478 0.0001 101
1747826810769 0.0001 102
1747826811152 0.0001 103
1747826811542 0.0001 104
1747826813681 0.0001 105
1747826815817 0.0001 106
1747826816206 0.0001 107
1747826818413 0.0001 108
1747826820448 0.0001 109
1747826822243 0.0001 110
1747826822629 0.0001 111
1747826824699 0.0001 112
1747826826715 0.0001 113
1747826827079 0.0001 114
1747826827440 0.0001 115
1747826839943 0.0001 116
1747826842567 0.0001 117
1747826842962 0.0001 118
1747826843344 0.0001 119
1747826843711 0.0001 120
1747826846953 0.0001 121
1747826847328 0.0001 122
1747826849254 0.0001 123
1747826849641 0.0001 124
1747826850045 0.0001 125
1747826852748 0.0001 126
1747826854657 0.0001 127
1747826855054 0.0001 128
1747826855444 0.0001 129
1747826855820 0.0001 130
1747826858730 0.0001 131
1747826859131 0.0001 132
1747826859507 0.0001 133
1747826860090 0.0001 134
1747826862703 0.0001 135
1747826863123 0.0001 136
1747826864632 0.0001 137
1747826864983 0.0001 138
1747826876839 0.0001 139
1747826880015 0.0001 140
1747826880395 0.0001 141
1747826880792 0.0001 142
1747826883118 0.0001 143
1747826883498 0.0001 144
1747826885823 0.0001 145
1747826886210 0.0001 146
1747826886607 0.0001 147
1747826887064 0.0001 148
1747826887856 0.0001 149
1747826888713 0.0001 150
1747826889462 0.0001 151
1747826890164 0.0001 152
1747826892612 0.0001 153
1747826894857 0.0001 154
1747826895243 0.0001 155
1747826897462 0.0001 156
1747826899330 0.0001 157
1747826901192 0.0001 158
1747826901574 0.0001 159
1747826903199 0.0001 160
1747826904634 0.0001 161
1747826917210 0.0001 162
1747826920144 0.0001 163
1747826920529 0.0001 164
1747826922657 0.0001 165
1747826923047 0.0001 166
1747826923434 0.0001 167
1747826923866 0.0001 168
1747826924667 0.0001 169
1747826925509 0.0001 170
1747826928112 0.0001 171
1747826928531 0.0001 172
1747826928915 0.0001 173
1747826929340 0.0001 174
1747826932105 0.0001 175
1747826932494 0.0001 176
1747826932885 0.0001 177
1747826933254 0.0001 178
1747826936176 0.0001 179
1747826938057 0.0001 180
1747826940023 0.0001 181
1747826940400 0.0001 182
1747826942251 0.0001 183
1747826942622 0.0001 184
1747826954718 0.0001 185
1747826955517 0.0001 186
1747826956322 0.0001 187
1747826956980 0.0001 188
1747826957672 0.0001 189
1747826958320 0.0001 190
1747826958958 0.0001 191
1747826959589 0.0001 192
1747826962136 0.0001 193
1747826962531 0.0001 194
1747826964586 0.0001 195
1747826964972 0.0001 196
1747826965358 0.0001 197
1747826967805 0.0001 198
1747826968193 0.0001 199
1747826968596 0.0001 200
1747826968996 0.0001 201
1747826969682 0.0001 202
1747826970456 0.0001 203
1747826971129 0.0001 204
1747826971907 0.0001 205
1747826974217 0.0001 206
1747826975551 0.0001 207
1747826987497 0.0001 208
1747826988153 0.0001 209
1747826988812 0.0001 210
1747826989588 0.0001 211
1747826992404 0.0001 212
1747826992792 0.0001 213
1747826994762 0.0001 214
1747826996746 0.0001 215
1747826998698 0.0001 216
1747826999085 0.0001 217
1747826999476 0.0001 218
1747827001790 0.0001 219
1747827002172 0.0001 220
1747827002559 0.0001 221
1747827002925 0.0001 222
1747827003705 0.0001 223
1747827004525 0.0001 224
1747827005276 0.0001 225
1747827005973 0.0001 226
1747827008712 0.0001 227
1747827009116 0.0001 228
1747827009506 0.0001 229
1747827011028 0.0001 230
1747827023433 0.0001 231
1747827026182 0.0001 232
1747827026578 0.0001 233
1747827028773 0.0001 234
1747827030839 0.0001 235
1747827031235 0.0001 236
1747827031625 0.0001 237
1747827034554 0.0001 238
1747827036482 0.0001 239
1747827038411 0.0001 240
1747827040671 0.0001 241
1747827041070 0.0001 242
1747827041456 0.0001 243
1747827041825 0.0001 244
1747827044992 0.0001 245
1747827045371 0.0001 246
1747827045764 0.0001 247
1747827048393 0.0001 248
1747827050305 0.0001 249
1747827050695 0.0001 250
1747827051085 0.0001 251
1747827051555 0.0001 252
1747827053576 0.0001 253
1747827066379 0.0001 254
1747827067262 0.0001 255
1747827068141 0.0001 256
1747827068866 0.0001 257
1747827071874 0.0001 258
1747827072267 0.0001 259
1747827072656 0.0001 260
1747827073023 0.0001 261
1747827073731 0.0001 262
1747827074608 0.0001 263
1747827075509 0.0001 264
1747827076417 0.0001 265
1747827079153 0.0001 266
1747827079539 0.0001 267
1747827081598 0.0001 268
1747827083508 0.0001 269
1747827083921 0.0001 270
1747827084319 0.0001 271
1747827087124 0.0001 272
1747827087524 0.0001 273
1747827087898 0.0001 274
1747827088440 0.0001 275
1747827089216 0.0001 276
1747827101350 0.0001 277
1747827104549 0.0001 278
1747827106663 0.0001 279
1747827107057 0.0001 280
1747827107454 0.0001 281
1747827109987 0.0001 282
1747827110368 0.0001 283
1747827110785 0.0001 284
1747827111384 0.0001 285
1747827114745 0.0001 286
1747827116589 0.0001 287
1747827116974 0.0001 288
1747827119294 0.0001 289
1747827121286 0.0001 290
1747827121688 0.0001 291
1747827124319 0.0001 292
1747827124711 0.0001 293
1747827127559 0.0001 294
1747827127947 0.0001 295
1747827130473 0.0001 296
1747827130868 0.0001 297
1747827131254 0.0001 298
1747827132703 0.0001 299
1747827147685 0.0001 300
1747827148621 0.0001 301
1747827152149 0.0001 302
1747827152525 0.0001 303
1747827154829 0.0001 304
1747827156916 0.0001 305
1747827158964 0.0001 306
1747827159360 0.0001 307
1747827159744 0.0001 308
1747827162569 0.0001 309
1747827162996 0.0001 310
1747827163408 0.0001 311
1747827165587 0.0001 312
1747827165999 0.0001 313
1747827168393 0.0001 314
1747827170337 0.0001 315
1747827170721 0.0001 316
1747827173346 0.0001 317
1747827173727 0.0001 318
1747827176042 0.0001 319
1747827177903 0.0001 320
1747827179409 0.0001 321
1747827179775 0.0001 322
1747827192760 0.0001 323
1747827193533 0.0001 324
1747827196761 0.0001 325
1747827198701 0.0001 326
1747827201354 0.0001 327
1747827203208 0.0001 328
1747827203598 0.0001 329
1747827206332 0.0001 330
1747827206723 0.0001 331
1747827209064 0.0001 332
1747827209445 0.0001 333
1747827212146 0.0001 334
1747827214004 0.0001 335
1747827215976 0.0001 336
1747827218440 0.0001 337
1747827218822 0.0001 338
1747827219246 0.0001 339
1747827221640 0.0001 340
1747827223651 0.0001 341
1747827225676 0.0001 342
1747827226061 0.0001 343
1747827226464 0.0001 344
1747827226831 0.0001 345
1747827240473 0.0001 346
1747827241385 0.0001 347
1747827242152 0.0001 348
1747827245670 0.0001 349
1747827246043 0.0001 350
1747827246427 0.0001 351
1747827246823 0.0001 352
1747827249864 0.0001 353
1747827250241 0.0001 354
1747827250640 0.0001 355
1747827253322 0.0001 356
1747827255315 0.0001 357
1747827257134 0.0001 358
1747827257518 0.0001 359
1747827257920 0.0001 360
1747827258295 0.0001 361
1747827259219 0.0001 362
1747827259982 0.0001 363
1747827263141 0.0001 364
1747827263519 0.0001 365
1747827263938 0.0001 366
1747827265962 0.0001 367
1747827267589 0.0001 368
1747827282737 0.0001 369
1747827285209 0.0001 370
1747827285634 0.0001 371
1747827286002 0.0001 372
1747827286665 0.0001 373
1747827289224 0.0001 374
1747827291213 0.0001 375
1747827293367 0.0001 376
1747827293750 0.0001 377
1747827294131 0.0001 378
1747827294686 0.0001 379
1747827297615 0.0001 380
1747827298010 0.0001 381
1747827298395 0.0001 382
1747827298821 0.0001 383
1747827302246 0.0001 384
1747827302638 0.0001 385
1747827303051 0.0001 386
1747827303421 0.0001 387
1747827304130 0.0001 388
1747827307210 0.0001 389
1747827307598 0.0001 390
1747827307966 0.0001 391
1747827322842 0.0001 392
1747827323239 0.0001 393
1747827323615 0.0001 394
1747827326487 0.0001 395
1747827328652 0.0001 396
1747827329046 0.0001 397
1747827331159 0.0001 398
1747827333210 0.0001 399
1747827333595 0.0001 400
1747827336103 0.0001 401
1747827336495 0.0001 402
1747827338592 0.0001 403
1747827338993 0.0001 404
1747827341036 0.0001 405
1747827342845 0.0001 406
1747827343233 0.0001 407
1747827343632 0.0001 408
1747827346457 0.0001 409
1747827346853 0.0001 410
1747827349401 0.0001 411
1747827351277 0.0001 412
1747827351644 0.0001 413
1747827352009 0.0001 414
1747827364874 0.0001 415
1747827368047 0.0001 416
1747827370182 0.0001 417
1747827372379 0.0001 418
1747827372768 0.0001 419
1747827375071 0.0001 420
1747827375456 0.0001 421
1747827377644 0.0001 422
1747827379473 0.0001 423
1747827379860 0.0001 424
1747827382669 0.0001 425
1747827384810 0.0001 426
1747827385186 0.0001 427
1747827385590 0.0001 428
1747827386002 0.0001 429
1747827388848 0.0001 430
1747827390972 0.0001 431
1747827393115 0.0001 432
1747827395176 0.0001 433
1747827395560 0.0001 434
1747827398257 0.0001 435
1747827399642 0.0001 436
1747827401153 0.0001 437
1747827416465 0.0001 438
1747827418657 0.0001 439
1747827419084 0.0001 440
1747827421608 0.0001 441
1747827421994 0.0001 442
1747827422390 0.0001 443
1747827422993 0.0001 444
1747827423758 0.0001 445
1747827427279 0.0001 446
1747827427671 0.0001 447
1747827429849 0.0001 448
1747827431836 0.0001 449
1747827432224 0.0001 450
1747827434447 0.0001 451
1747827434850 0.0001 452
1747827435242 0.0001 453
1747827435708 0.0001 454
1747827438464 0.0001 455
1747827438875 0.0001 456
1747827439263 0.0001 457
1747827439712 0.0001 458
1747827442561 0.0001 459
1747827442927 0.0001 460
1747827458268 0.0001 461
1747827460449 0.0001 462
1747827460833 0.0001 463
1747827461221 0.0001 464
1747827463518 0.0001 465
1747827465851 0.0001 466
1747827466235 0.0001 467
1747827466624 0.0001 468
1747827467039 0.0001 469
1747827467872 0.0001 470
1747827471004 0.0001 471
1747827473000 0.0001 472
1747827473389 0.0001 473
1747827473779 0.0001 474
1747827474182 0.0001 475
1747827477074 0.0001 476
1747827477460 0.0001 477
1747827477844 0.0001 478
1747827478480 0.0001 479
1747827479226 0.0001 480
1747827482400 0.0001 481
1747827482758 0.0001 482
1747827483126 0.0001 483
1747827498367 0.0001 484
1747827500518 0.0001 485
1747827500906 0.0001 486
1747827501290 0.0001 487
1747827503800 0.0001 488
1747827506107 0.0001 489
1747827506505 0.0001 490
1747827508590 0.0001 491
1747827508998 0.0001 492
1747827511037 0.0001 493
1747827511432 0.0001 494
1747827513961 0.0001 495
1747827514339 0.0001 496
1747827514707 0.0001 497
1747827516997 0.0001 498
1747827517412 0.0001 499
1747827517803 0.0001 500
1747827518544 0.0001 501
1747827521792 0.0001 502
1747827522185 0.0001 503
1747827524744 0.0001 504
1747827525120 0.0001 505
1747827526593 0.0001 506
1747827539860 0.0001 507
1747827540781 0.0001 508
1747827543309 0.0001 509
1747827545432 0.0001 510
1747827545817 0.0001 511
1747827547944 0.0001 512
1747827548340 0.0001 513
1747827550571 0.0001 514
1747827552426 0.0001 515
1747827552827 0.0001 516
1747827553242 0.0001 517
1747827553613 0.0001 518
1747827556177 0.0001 519
1747827556556 0.0001 520
1747827556962 0.0001 521
1747827557382 0.0001 522
1747827558319 0.0001 523
1747827559246 0.0001 524
1747827559991 0.0001 525
1747827560727 0.0001 526
1747827561643 0.0001 527
1747827564002 0.0001 528
1747827564379 0.0001 529
1747827579443 0.0001 530
1747827579859 0.0001 531
1747827580237 0.0001 532
1747827582409 0.0001 533
1747827582806 0.0001 534
1747827583206 0.0001 535
1747827583599 0.0001 536
1747827584360 0.0001 537
1747827587157 0.0001 538
1747827587541 0.0001 539
1747827590596 0.0001 540
1747827590981 0.0001 541
1747827591360 0.0001 542
1747827591956 0.0001 543
1747827592797 0.0001 544
1747827596239 0.0001 545
1747827597990 0.0001 546
1747827600011 0.0001 547
1747827602430 0.0001 548
1747827604430 0.0001 549
1747827606425 0.0001 550
1747827607785 0.0001 551
1747827609380 0.0001 552
1747827622421 0.0001 553
1747827623268 0.0001 554
1747827624016 0.0001 555
1747827624733 0.0001 556
1747827628197 0.0001 557
1747827628578 0.0001 558
1747827631028 0.0001 559
1747827633186 0.0001 560
1747827635032 0.0001 561
1747827637150 0.0001 562
1747827637553 0.0001 563
1747827640151 0.0001 564
1747827640553 0.0001 565
1747827642595 0.0001 566
1747827642984 0.0001 567
1747827643357 0.0001 568
1747827646193 0.0001 569
1747827648120 0.0001 570
1747827648509 0.0001 571
1747827648917 0.0001 572
1747827651627 0.0001 573
1747827653189 0.0001 574
1747827654674 0.0001 575
1747827668843 0.0001 576
1747827672344 0.0001 577
1747827672736 0.0001 578
1747827674976 0.0001 579
1747827675371 0.0001 580
1747827675755 0.0001 581
1747827676177 0.0001 582
1747827677012 0.0001 583
1747827680013 0.0001 584
1747827682173 0.0001 585
1747827682549 0.0001 586
1747827684591 0.0001 587
1747827686659 0.0001 588
1747827687061 0.0001 589
1747827687460 0.0001 590
1747827687849 0.0001 591
1747827688589 0.0001 592
1747827691889 0.0001 593
1747827693784 0.0001 594
1747827694165 0.0001 595
1747827694539 0.0001 596
1747827695080 0.0001 597
1747827695768 0.0001 598
1747827708004 0.0001 599
1747827708798 0.0001 600
1747827711187 0.0001 601
1747827711574 0.0001 602
1747827711950 0.0001 603
1747827714302 0.0001 604
1747827714686 0.0001 605
1747827715093 0.0001 606
1747827717328 0.0001 607
1747827719496 0.0001 608
1747827721281 0.0001 609
1747827721679 0.0001 610
1747827722074 0.0001 611
1747827724338 0.0001 612
1747827724723 0.0001 613
1747827726635 0.0001 614
1747827727021 0.0001 615
1747827727426 0.0001 616
1747827730070 0.0001 617
1747827730444 0.0001 618
1747827732278 0.0001 619
1747827733743 0.0001 620
1747827735340 0.0001 621
1747827749993 0.0001 622
1747827751958 0.0001 623
1747827752346 0.0001 624
1747827754971 0.0001 625
1747827756887 0.0001 626
1747827757280 0.0001 627
1747827757665 0.0001 628
1747827760392 0.0001 629
1747827760767 0.0001 630
1747827761158 0.0001 631
1747827761564 0.0001 632
1747827762476 0.0001 633
1747827763342 0.0001 634
1747827764004 0.0001 635
1747827764844 0.0001 636
1747827767825 0.0001 637
1747827770089 0.0001 638
1747827770482 0.0001 639
1747827770867 0.0001 640
1747827771324 0.0001 641
1747827772099 0.0001 642
1747827774558 0.0001 643
1747827776110 0.0001 644
1747827790116 0.0001 645
1747827790517 0.0001 646
1747827790892 0.0001 647
1747827791272 0.0001 648
1747827791905 0.0001 649
1747827792591 0.0001 650
1747827795368 0.0001 651
1747827797308 0.0001 652
1747827797694 0.0001 653
1747827798081 0.0001 654
1747827798486 0.0001 655
1747827801308 0.0001 656
1747827801714 0.0001 657
1747827803768 0.0001 658
1747827805591 0.0001 659
1747827805985 0.0001 660
1747827808025 0.0001 661
1747827810346 0.0001 662
1747827810718 0.0001 663
1747827811110 0.0001 664
1747827811474 0.0001 665
1747827812287 0.0001 666
1747827813004 0.0001 667
1747827827212 0.0001 668
1747827828887 0.0001 669
1747827830716 0.0001 670
1747827832563 0.0001 671
1747827834599 0.0001 672
1747827836715 0.0001 673
1747827837089 0.0001 674
1747827837492 0.0001 675
1747827837887 0.0001 676
1747827838526 0.0001 677
1747827839362 0.0001 678
1747827839980 0.0001 679
1747827840784 0.0001 680
1747827843742 0.0001 681
1747827844122 0.0001 682
1747827844522 0.0001 683
1747827847152 0.0001 684
1747827847519 0.0001 685
1747827849553 0.0001 686
1747827849924 0.0001 687
1747827850327 0.0001 688
1747827850757 0.0001 689
1747827851397 0.0001 690
1747827866323 0.0001 691
1747827868199 0.0001 692
1747827870246 0.0001 693
1747827870635 0.0001 694
1747827871003 0.0001 695
1747827873421 0.0001 696
1747827873823 0.0001 697
1747827876059 0.0001 698
1747827876441 0.0001 699
1747827876837 0.0001 700
1747827879463 0.0001 701
1747827881303 0.0001 702
1747827883006 0.0001 703
1747827883395 0.0001 704
1747827883792 0.0001 705
1747827884273 0.0001 706
1747827885184 0.0001 707
1747827885816 0.0001 708
1747827888401 0.0001 709
1747827890143 0.0001 710
1747827890534 0.0001 711
1747827890920 0.0001 712
1747827892343 0.0001 713
1747827904302 0.0001 714
1747827905123 0.0001 715
1747827908503 0.0001 716
1747827908873 0.0001 717
1747827910967 0.0001 718
1747827911349 0.0001 719
1747827913343 0.0001 720
1747827913733 0.0001 721
1747827915741 0.0001 722
1747827916125 0.0001 723
1747827916509 0.0001 724
1747827918654 0.0001 725
1747827920775 0.0001 726
1747827921174 0.0001 727
1747827921561 0.0001 728
1747827921927 0.0001 729
1747827924260 0.0001 730
1747827924641 0.0001 731
1747827925049 0.0001 732
1747827925477 0.0001 733
1747827928608 0.0001 734
1747827929991 0.0001 735
1747827931331 0.0001 736
1747827945315 0.0001 737
1747827945696 0.0001 738
1747827946076 0.0001 739
1747827948524 0.0001 740
1747827950408 0.0001 741
1747827950796 0.0001 742
1747827951192 0.0001 743
1747827953438 0.0001 744
1747827953827 0.0001 745
1747827954202 0.0001 746
1747827957047 0.0001 747
1747827957444 0.0001 748
1747827957834 0.0001 749
1747827960529 0.0001 750
1747827962375 0.0001 751
1747827962767 0.0001 752
1747827964909 0.0001 753
1747827966706 0.0001 754
1747827967095 0.0001 755
1747827969494 0.0001 756
1747827969882 0.0001 757
1747827970274 0.0001 758
1747827971714 0.0001 759
1747827987117 0.0001 760
1747827987503 0.0001 761
1747827987893 0.0001 762
1747827990511 0.0001 763
1747827990894 0.0001 764
1747827991295 0.0001 765
1747827994112 0.0001 766
1747827994519 0.0001 767
1747827994917 0.0001 768
1747827995383 0.0001 769
1747827998118 0.0001 770
1747827998507 0.0001 771
1747827998908 0.0001 772
1747828001038 0.0001 773
1747828002962 0.0001 774
1747828003360 0.0001 775
1747828005484 0.0001 776
1747828005868 0.0001 777
1747828006259 0.0001 778
1747828008896 0.0001 779
1747828009289 0.0001 780
1747828010964 0.0001 781
1747828012274 0.0001 782
1747828026781 0.0001 783
1747828028869 0.0001 784
1747828029255 0.0001 785
1747828029632 0.0001 786
1747828032431 0.0001 787
1747828034419 0.0001 788
1747828034808 0.0001 789
1747828037067 0.0001 790
1747828037469 0.0001 791
1747828037844 0.0001 792
1747828038265 0.0001 793
1747828038995 0.0001 794
1747828039856 0.0001 795
1747828040657 0.0001 796
1747828043634 0.0001 797
1747828045657 0.0001 798
1747828047569 0.0001 799
1747828049990 0.0001 800
1747828052106 0.0001 801
1747828054119 0.0001 802
1747828054494 0.0001 803
1747828054877 0.0001 804
1747828056597 0.0001 805
1747828070395 0.0001 806
1747828070782 0.0001 807
1747828071165 0.0001 808
1747828071562 0.0001 809
1747828074826 0.0001 810
1747828075209 0.0001 811
1747828075624 0.0001 812
1747828078059 0.0001 813
1747828078473 0.0001 814
1747828078861 0.0001 815
1747828081489 0.0001 816
1747828081890 0.0001 817
1747828082284 0.0001 818
1747828084406 0.0001 819
1747828086394 0.0001 820
1747828086780 0.0001 821
1747828087184 0.0001 822
1747828087769 0.0001 823
1747828090209 0.0001 824
1747828090601 0.0001 825
1747828090973 0.0001 826
1747828092865 0.0001 827
1747828094364 0.0001 828
1747828106309 0.0001 829
1747828107021 0.0001 830
1747828109893 0.0001 831
1747828111611 0.0001 832
1747828111995 0.0001 833
1747828112381 0.0001 834
1747828112751 0.0001 835
1747828115462 0.0001 836
1747828117529 0.0001 837
1747828119439 0.0001 838
1747828119833 0.0001 839
1747828121978 0.0001 840
1747828123761 0.0001 841
1747828125805 0.0001 842
1747828127908 0.0001 843
1747828128302 0.0001 844
1747828128688 0.0001 845
1747828129265 0.0001 846
1747828130034 0.0001 847
1747828133275 0.0001 848
1747828133644 0.0001 849
1747828134039 0.0001 850
1747828134398 0.0001 851
1747828149319 0.0001 852
1747828149759 0.0001 853
1747828150167 0.0001 854
1747828153081 0.0001 855
1747828154780 0.0001 856
1747828156696 0.0001 857
1747828158703 0.0001 858
1747828159087 0.0001 859
1747828161659 0.0001 860
1747828163756 0.0001 861
1747828164137 0.0001 862
1747828166198 0.0001 863
1747828168356 0.0001 864
1747828168748 0.0001 865
1747828171137 0.0001 866
1747828171525 0.0001 867
1747828171919 0.0001 868
1747828174255 0.0001 869
1747828174623 0.0001 870
1747828175021 0.0001 871
1747828175388 0.0001 872
1747828176130 0.0001 873
1747828178039 0.0001 874
1747828191034 0.0001 875
1747828191934 0.0001 876
1747828192710 0.0001 877
1747828193635 0.0001 878
1747828194386 0.0001 879
1747828195270 0.0001 880
1747828198237 0.0001 881
1747828198620 0.0001 882
1747828199052 0.0001 883
1747828199528 0.0001 884
1747828200434 0.0001 885
1747828201385 0.0001 886
1747828204603 0.0001 887
1747828204989 0.0001 888
1747828207147 0.0001 889
1747828207538 0.0001 890
1747828207946 0.0001 891
1747828210324 0.0001 892
1747828210704 0.0001 893
1747828211103 0.0001 894
1747828211492 0.0001 895
1747828214128 0.0001 896
1747828215596 0.0001 897
1747828229408 0.0001 898
1747828231357 0.0001 899
1747828233325 0.0001 900
1747828235444 0.0001 901
1747828237352 0.0001 902
1747828237744 0.0001 903
1747828239776 0.0001 904
1747828240154 0.0001 905
1747828242869 0.0001 906
1747828243275 0.0001 907
1747828243680 0.0001 908
1747828244096 0.0001 909
1747828245000 0.0001 910
1747828245863 0.0001 911
1747828246828 0.0001 912
1747828247516 0.0001 913
1747828250559 0.0001 914
1747828250942 0.0001 915
1747828251317 0.0001 916
1747828253984 0.0001 917
1747828254367 0.0001 918
1747828255920 0.0001 919
1747828256285 0.0001 920
1747828271644 0.0001 921
1747828272039 0.0001 922
1747828274507 0.0001 923
1747828276300 0.0001 924
1747828278067 0.0001 925
1747828279939 0.0001 926
1747828282198 0.0001 927
1747828284216 0.0001 928
1747828284597 0.0001 929
1747828286768 0.0001 930
1747828287179 0.0001 931
1747828289941 0.0001 932
1747828291665 0.0001 933
1747828293468 0.0001 934
1747828293880 0.0001 935
1747828294277 0.0001 936
1747828294672 0.0001 937
1747828295395 0.0001 938
1747828296102 0.0001 939
1747828299188 0.0001 940
1747828299581 0.0001 941
1747828299966 0.0001 942
1747828301757 0.0001 943
1747828313692 0.0001 944
1747828314457 0.0001 945
1747828315287 0.0001 946
1747828316234 0.0001 947
1747828316961 0.0001 948
1747828317891 0.0001 949
1747828318649 0.0001 950
1747828321594 0.0001 951
1747828321970 0.0001 952
1747828323958 0.0001 953
1747828324343 0.0001 954
1747828324740 0.0001 955
1747828325225 0.0001 956
1747828325928 0.0001 957
1747828326727 0.0001 958
1747828329703 0.0001 959
1747828330092 0.0001 960
1747828330495 0.0001 961
1747828330870 0.0001 962
1747828334210 0.0001 963
1747828334588 0.0001 964
1747828336346 0.0001 965
1747828337744 0.0001 966
1747828351836 0.0001 967
1747828352217 0.0001 968
1747828352606 0.0001 969
1747828353198 0.0001 970
1747828355632 0.0001 971
1747828357390 0.0001 972
1747828357794 0.0001 973
1747828358175 0.0001 974
1747828358743 0.0001 975
1747828361621 0.0001 976
1747828363634 0.0001 977
1747828364040 0.0001 978
1747828366191 0.0001 979
1747828366574 0.0001 980
1747828368907 0.0001 981
1747828369296 0.0001 982
1747828369704 0.0001 983
1747828370197 0.0001 984
1747828371068 0.0001 985
1747828374356 0.0001 986
1747828376183 0.0001 987
1747828376553 0.0001 988
1747828378013 0.0001 989
1747828393159 0.0001 990
1747828393537 0.0001 991
1747828393933 0.0001 992
1747828394496 0.0001 993
1747828396988 0.0001 994
1747828398832 0.0001 995
1747828400713 0.0001 996
1747828402490 0.0001 997
1747828402876 0.0001 998
1747828403280 0.0001 999
1747828403669 0.0001 1000
1747828404292 0.0001 1001
1747828405005 0.0001 1002
1747828405736 0.0001 1003
1747828406483 0.0001 1004
1747828409178 0.0001 1005
1747828411255 0.0001 1006
1747828413352 0.0001 1007
1747828415339 0.0001 1008
1747828417176 0.0001 1009
1747828417576 0.0001 1010
1747828417950 0.0001 1011
1747828418321 0.0001 1012
1747828431030 0.0001 1013
1747828431929 0.0001 1014
1747828435165 0.0001 1015
1747828437143 0.0001 1016
1747828439056 0.0001 1017
1747828440878 0.0001 1018
1747828441268 0.0001 1019
1747828443789 0.0001 1020
1747828445880 0.0001 1021
1747828447989 0.0001 1022
1747828450162 0.0001 1023
1747828450546 0.0001 1024
1747828450943 0.0001 1025
1747828453747 0.0001 1026
1747828454131 0.0001 1027
1747828454516 0.0001 1028
1747828456838 0.0001 1029
1747828458957 0.0001 1030
1747828460674 0.0001 1031
1747828462444 0.0001 1032
1747828462829 0.0001 1033
1747828463212 0.0001 1034
1747828463568 0.0001 1035
1747828475832 0.0001 1036
1747828476461 0.0001 1037
1747828477150 0.0001 1038
1747828477990 0.0001 1039
1747828478873 0.0001 1040
1747828481875 0.0001 1041
1747828482256 0.0001 1042
1747828484778 0.0001 1043
1747828485168 0.0001 1044
1747828485566 0.0001 1045
1747828485954 0.0001 1046
1747828486824 0.0001 1047
1747828489699 0.0001 1048
1747828491541 0.0001 1049
1747828491933 0.0001 1050
1747828492314 0.0001 1051
1747828494705 0.0001 1052
1747828496656 0.0001 1053
1747828497066 0.0001 1054
1747828499150 0.0001 1055
1747828501067 0.0001 1056
1747828502819 0.0001 1057
1747828504317 0.0001 1058
1747828516489 0.0001 1059
1747828517221 0.0001 1060
1747828520348 0.0001 1061
1747828522310 0.0001 1062
1747828524390 0.0001 1063
1747828524768 0.0001 1064
1747828525146 0.0001 1065
1747828525588 0.0001 1066
1747828528108 0.0001 1067
1747828530036 0.0001 1068
1747828531854 0.0001 1069
1747828532235 0.0001 1070
1747828534502 0.0001 1071
1747828536582 0.0001 1072
1747828536975 0.0001 1073
1747828539357 0.0001 1074
1747828539747 0.0001 1075
1747828540136 0.0001 1076
1747828542864 0.0001 1077
1747828543250 0.0001 1078
1747828545549 0.0001 1079
1747828545933 0.0001 1080
1747828547340 0.0001 1081
1747828559600 0.0001 1082
1747828560504 0.0001 1083
1747828561209 0.0001 1084
1747828564353 0.0001 1085
1747828564741 0.0001 1086
1747828566860 0.0001 1087
1747828567234 0.0001 1088
1747828569477 0.0001 1089
1747828569868 0.0001 1090
1747828572023 0.0001 1091
1747828574028 0.0001 1092
1747828575937 0.0001 1093
1747828577636 0.0001 1094
1747828578022 0.0001 1095
1747828578402 0.0001 1096
1747828578810 0.0001 1097
1747828579601 0.0001 1098
1747828582526 0.0001 1099
1747828582899 0.0001 1100
1747828583270 0.0001 1101
1747828585516 0.0001 1102
1747828587045 0.0001 1103
1747828588348 0.0001 1104
1747828600641 0.0001 1105
1747828603467 0.0001 1106
1747828605628 0.0001 1107
1747828607540 0.0001 1108
1747828607926 0.0001 1109
1747828610344 0.0001 1110
1747828612319 0.0001 1111
1747828612718 0.0001 1112
1747828613126 0.0001 1113
1747828613596 0.0001 1114
1747828616929 0.0001 1115
1747828618940 0.0001 1116
1747828621016 0.0001 1117
1747828621417 0.0001 1118
1747828621799 0.0001 1119
1747828624410 0.0001 1120
1747828624813 0.0001 1121
1747828625187 0.0001 1122
1747828627551 0.0001 1123
1747828627951 0.0001 1124
1747828630450 0.0001 1125
1747828631780 0.0001 1126
1747828632148 0.0001 1127
1747828644727 0.0001 1128
1747828647244 0.0001 1129
1747828647648 0.0001 1130
1747828649744 0.0001 1131
1747828650130 0.0001 1132
1747828650521 0.0001 1133
1747828650903 0.0001 1134
1747828651611 0.0001 1135
1747828652298 0.0001 1136
1747828655240 0.0001 1137
1747828655648 0.0001 1138
1747828656051 0.0001 1139
1747828658303 0.0001 1140
1747828660266 0.0001 1141
1747828660657 0.0001 1142
1747828662684 0.0001 1143
1747828663070 0.0001 1144
1747828665236 0.0001 1145
1747828665620 0.0001 1146
1747828667650 0.0001 1147
1747828668041 0.0001 1148
1747828669740 0.0001 1149
1747828670120 0.0001 1150
