1747826665141 0.39137014746665955 1
1747826675968 0.46116021275520325 1
1747826707192 0.42719748616218567 2
1747826746325 0.3763395845890045 3
1747826784198 0.40352120995521545 4
1747826827447 0.4406585395336151 5
1747826864993 0.48314860463142395 6
1747826904640 0.4487261474132538 7
1747826942627 0.46464481949806213 8
1747826975556 0.4320019781589508 9
1747827011035 0.4519668221473694 10
1747827053581 0.4656386077404022 11
1747827089221 0.5199044346809387 12
1747827132708 0.5337408185005188 13
1747827179780 0.5917192101478577 14
1747827226840 0.42425867915153503 15
1747827267598 0.5242201089859009 16
1747827307971 0.5330166816711426 17
1747827352014 0.5573104619979858 18
1747827401158 0.5593559145927429 19
1747827442936 0.5171872973442078 20
1747827483136 0.5748911499977112 21
1747827526598 0.5656169652938843 22
1747827564385 0.5578048825263977 23
1747827609387 0.57120680809021 24
1747827654679 0.6388577818870544 25
1747827695775 0.5802432298660278 26
1747827735346 0.6327031850814819 27
1747827776115 0.5644132494926453 28
1747827813012 0.5791923403739929 29
1747827851407 0.6107021570205688 30
1747827892348 0.5619174242019653 31
1747827931343 0.6065927743911743 32
1747827971720 0.5941303372383118 33
1747828012279 0.6498944759368896 34
1747828056602 0.5843253135681152 35
1747828094369 0.6315315365791321 36
1747828134406 0.5783876180648804 37
1747828178047 0.6029996871948242 38
1747828215600 0.5996778607368469 39
1747828256289 0.6539410948753357 40
1747828301762 0.6477383375167847 41
1747828337749 0.5741261839866638 42
1747828378022 0.64811110496521 43
1747828418331 0.661801278591156 44
1747828463573 0.6298470497131348 45
1747828504323 0.6649655699729919 46
1747828547345 0.6905875205993652 47
1747828588353 0.6666936874389648 48
1747828632153 0.6833450198173523 49
1747828670129 0.6947979927062988 50
