1747826665141 0.8817712664604187 1
1747826675968 0.6933546662330627 1
1747826707192 0.8778545260429382 2
1747826746325 0.8913251757621765 3
1747826784198 0.875118613243103 4
1747826827447 0.8660629391670227 5
1747826864993 0.9006426334381104 6
1747826904640 0.9179070591926575 7
1747826942627 0.9121667742729187 8
1747826975556 0.906719446182251 9
1747827011035 0.9080087542533875 10
1747827053581 0.9067652225494385 11
1747827089221 0.9037656188011169 12
1747827132708 0.9288378953933716 13
1747827179780 0.9199376106262207 14
1747827226840 0.8859807848930359 15
1747827267598 0.8994665741920471 16
1747827307971 0.9103876352310181 17
1747827352014 0.9093026518821716 18
1747827401158 0.9139331579208374 19
1747827442936 0.913547158241272 20
1747827483136 0.9176050424575806 21
1747827526598 0.9249480962753296 22
1747827564385 0.9190810918807983 23
1747827609387 0.9191640019416809 24
1747827654679 0.9277807474136353 25
1747827695775 0.9229729771614075 26
1747827735346 0.9264980554580688 27
1747827776115 0.9182989001274109 28
1747827813012 0.9036089777946472 29
1747827851407 0.9182807207107544 30
1747827892348 0.9173973202705383 31
1747827931343 0.9223491549491882 32
1747827971720 0.9183022975921631 33
1747828012279 0.9281792044639587 34
1747828056602 0.9239484667778015 35
1747828094369 0.9206002354621887 36
1747828134406 0.9149522185325623 37
1747828178047 0.9110973477363586 38
1747828215600 0.9162693619728088 39
1747828256289 0.9163411259651184 40
1747828301762 0.9217085838317871 41
1747828337749 0.9068478941917419 42
1747828378022 0.9188376665115356 43
1747828418331 0.9171552062034607 44
1747828463573 0.9126948714256287 45
1747828504323 0.9284335970878601 46
1747828547345 0.9263119697570801 47
1747828588353 0.9106116890907288 48
1747828632153 0.9271709322929382 49
1747828670129 0.9331732392311096 50
