1747826665141 0.723307728767395 1
1747826707192 0.7295836806297302 2
1747826746325 0.7206324934959412 3
1747826784198 0.7248185276985168 4
1747826827447 0.7311177253723145 5
1747826864993 0.7659727931022644 6
1747826904640 0.7630127668380737 7
1747826942627 0.762717068195343 8
1747826975556 0.7507075667381287 9
1747827011035 0.7592302560806274 10
1747827053581 0.7615751028060913 11
1747827089221 0.7767247557640076 12
1747827132708 0.7978629469871521 13
1747827179780 0.8117995262145996 14
1747827226840 0.7360914349555969 15
1747827267598 0.7780803442001343 16
1747827307971 0.7889207005500793 17
1747827352014 0.7952677011489868 18
1747827401158 0.798463761806488 19
1747827442936 0.7839948534965515 20
1747827483136 0.80458003282547 21
1747827526598 0.8068385124206543 22
1747827564385 0.8005346059799194 23
1747827609387 0.8052849173545837 24
1747827654679 0.8331104516983032 25
1747827695775 0.8119190335273743 26
1747827735346 0.8300732374191284 27
1747827776115 0.8027082681655884 28
1747827813012 0.7991760969161987 29
1747827851407 0.8186034560203552 30
1747827892348 0.7999879717826843 31
1747827931343 0.8174675703048706 32
1747827971720 0.8114693760871887 33
1747828012279 0.8369920253753662 34
1747828056602 0.8123864531517029 35
1747828094369 0.8270652890205383 36
1747828134406 0.8049851059913635 37
1747828178047 0.8119282722473145 38
1747828215600 0.814921498298645 39
1747828256289 0.8314838409423828 40
1747828301762 0.833367645740509 41
1747828337749 0.799095630645752 42
1747828378022 0.8323079943656921 43
1747828418331 0.8345781564712524 44
1747828463573 0.8217763304710388 45
1747828504323 0.842862606048584 46
1747828547345 0.8484721183776855 47
1747828588353 0.8329674005508423 48
1747828632153 0.8475940823554993 49
1747828670129 0.8543813228607178 50
