1747829736011 0.9301373958587646 1
1747829751017 0.7526102662086487 1
1747829794486 0.9203769564628601 2
1747829842055 0.9257853031158447 3
1747829890941 0.9188696146011353 4
1747829939354 0.9333035349845886 5
1747829991604 0.9226883053779602 6
1747830037668 0.9336694478988647 7
1747830087924 0.9299358129501343 8
1747830135004 0.9288679361343384 9
1747830185803 0.9236652851104736 10
1747830237917 0.9364333748817444 11
1747830291123 0.9369834065437317 12
1747830340624 0.9280058145523071 13
1747830389397 0.9188143610954285 14
1747830443391 0.9309524297714233 15
1747830493363 0.933557391166687 16
1747830542282 0.9279688000679016 17
1747830590643 0.9385748505592346 18
1747830638912 0.9329875111579895 19
1747830686275 0.9370306134223938 20
1747830735315 0.9323706030845642 21
1747830785295 0.9356852173805237 22
1747830835620 0.9316612482070923 23
1747830886488 0.9376392364501953 24
1747830936639 0.938300371170044 25
1747830983425 0.9383003115653992 26
1747831033784 0.9359179139137268 27
1747831084505 0.9461204409599304 28
1747831133743 0.9356766939163208 29
1747831186403 0.9348006844520569 30
1747831239227 0.931991696357727 31
1747831293175 0.9324604272842407 32
1747831344070 0.9364312887191772 33
1747831395184 0.9460049271583557 34
1747831447981 0.9355684518814087 35
1747831496143 0.9375032782554626 36
1747831544392 0.9348748326301575 37
1747831600540 0.9202871322631836 38
1747831656497 0.9376615881919861 39
1747831708798 0.9369804263114929 40
1747831758807 0.9391935467720032 41
1747831803861 0.9399480819702148 42
1747831855727 0.9362611174583435 43
1747831907961 0.9126302003860474 44
1747831956891 0.9324327111244202 45
1747832004179 0.939929723739624 46
1747832062836 0.941881000995636 47
1747832115791 0.9439586400985718 48
1747832163208 0.9453498721122742 49
1747832218489 0.9399821162223816 50
