1747829701093 0.22755032777786255 1
1747829703073 0.2073867917060852 2
1747829704715 0.34316781163215637 3
1747829706565 0.18489636480808258 4
1747829708330 0.23059245944023132 5
1747829708714 0.2027885615825653 6
1747829709108 0.19395054876804352 7
1747829709487 0.19443729519844055 8
1747829710097 0.23449835181236267 9
1747829710959 0.1856112778186798 10
1747829713780 0.19818460941314697 11
1747829715667 0.1618586927652359 12
1747829716048 0.35003119707107544 13
1747829718206 0.27857765555381775 14
1747829718598 0.20160749554634094 15
1747829718984 0.23912790417671204 16
1747829721297 0.2610103487968445 17
1747829723192 0.23213359713554382 18
1747829725092 0.2133851945400238 19
1747829725462 0.17814844846725464 20
1747829725866 0.13910011947155 21
1747829726327 0.20005255937576294 22
1747829729125 0.19109848141670227 23
1747829729489 0.25987082719802856 24
1747829729891 0.2116822749376297 25
1747829732750 0.19424308836460114 26
1747829733126 0.24771200120449066 27
1747829735239 0.22470638155937195 28
1747829735596 0.27656203508377075 29
1747829735957 0.1786959320306778 30
1747829754398 0.19515599310398102 31
1747829754816 0.25085943937301636 32
1747829755204 0.22625383734703064 33
1747829757544 0.35896021127700806 34
1747829757926 0.19111141562461853 35
1747829759894 0.19258394837379456 36
1747829760275 0.20012885332107544 37
1747829760675 0.25612759590148926 38
1747829763203 0.18977558612823486 39
1747829763583 0.32488158345222473 40
1747829765932 0.2638235092163086 41
1747829766334 0.19388721883296967 42
1747829768882 0.29251623153686523 43
1747829769291 0.3196943700313568 44
1747829771203 0.33116328716278076 45
1747829773241 0.2052963525056839 46
1747829773623 0.21280735731124878 47
1747829774028 0.23884399235248566 48
1747829774519 0.25250136852264404 49
1747829775271 0.1908048689365387 50
1747829778015 0.21319851279258728 51
1747829779854 0.37190526723861694 52
1747829782204 0.1892099231481552 53
1747829784094 0.15225069224834442 54
1747829785816 0.24703988432884216 55
1747829787764 0.28426459431648254 56
1747829789719 0.2483457773923874 57
1747829791470 0.2584537863731384 58
1747829793004 0.19989070296287537 59
1747829794477 0.20274482667446136 60
1747829811620 0.20433460175991058 61
1747829812044 0.22531163692474365 62
1747829812415 0.1881343573331833 63
1747829812896 0.22876229882240295 64
1747829813782 0.17155778408050537 65
1747829816265 0.18552298843860626 66
1747829818359 0.2026137262582779 67
1747829818751 0.3423715829849243 68
1747829820718 0.2033471167087555 69
1747829821090 0.14128433167934418 70
1747829821471 0.23393583297729492 71
1747829821872 0.29981133341789246 72
1747829822634 0.2611359655857086 73
1747829825108 0.19371721148490906 74
1747829826889 0.1991519331932068 75
1747829827274 0.14947988092899323 76
1747829829303 0.17937621474266052 77
1747829831226 0.30971044301986694 78
1747829831605 0.20923495292663574 79
1747829833693 0.18787707388401031 80
1747829835719 0.29376471042633057 81
1747829836094 0.23387841880321503 82
1747829836478 0.19397521018981934 83
1747829836872 0.37680530548095703 84
1747829839432 0.21260952949523926 85
1747829839839 0.17227023839950562 86
1747829840212 0.27088913321495056 87
1747829840606 0.1992916762828827 88
1747829841209 0.21742422878742218 89
1747829842044 0.24784886837005615 90
1747829857209 0.1950121521949768 91
1747829858023 0.3264866769313812 92
1747829860631 0.2093939185142517 93
1747829861002 0.28037703037261963 94
1747829861402 0.18025973439216614 95
1747829861776 0.16766078770160675 96
1747829862377 0.2696168124675751 97
1747829863148 0.20978093147277832 98
1747829863936 0.18020477890968323 99
1747829864720 0.18327151238918304 100
1747829867765 0.32758209109306335 101
1747829869493 0.13777315616607666 102
1747829871417 0.17553038895130157 103
1747829871785 0.3516802191734314 104
1747829872169 0.1983184963464737 105
1747829874973 0.2883724570274353 106
1747829876718 0.19282875955104828 107
1747829878645 0.2207261025905609 108
1747829879026 0.27594059705734253 109
1747829879423 0.1968015432357788 110
1747829881969 0.22386004030704498 111
1747829882358 0.3710806369781494 112
1747829884410 0.4921536147594452 113
1747829884792 0.16491615772247314 114
1747829885178 0.24839022755622864 115
1747829887958 0.26791030168533325 116
1747829888340 0.3504072427749634 117
1747829888723 0.1788540631532669 118
1747829890583 0.14966613054275513 119
1747829890935 0.21869194507598877 120
1747829906668 0.23080793023109436 121
1747829909550 0.25585874915122986 122
1747829909922 0.2268131673336029 123
1747829910316 0.17330804467201233 124
1747829910691 0.181163027882576 125
1747829911257 0.26292502880096436 126
1747829912067 0.1928238421678543 127
1747829914745 0.17571954429149628 128
1747829915139 0.19424740970134735 129
1747829917096 0.19228070974349976 130
1747829918921 0.1846025288105011 131
1747829920978 0.18558908998966217 132
1747829921342 0.17634426057338715 133
1747829921735 0.2818998694419861 134
1747829924624 0.20589135587215424 135
1747829925023 0.1618938446044922 136
1747829925438 0.20212316513061523 137
1747829925911 0.1439191699028015 138
1747829926529 0.17884290218353271 139
1747829929129 0.19456106424331665 140
1747829930847 0.16164502501487732 141
1747829931234 0.20297595858573914 142
1747829933222 0.19842591881752014 143
1747829933613 0.24809741973876953 144
1747829934003 0.14285171031951904 145
1747829936466 0.25279098749160767 146
1747829936848 0.16519184410572052 147
1747829937237 0.2625451683998108 148
1747829937624 0.22844135761260986 149
1747829939338 0.2703256905078888 150
1747829956347 0.15885716676712036 151
1747829956998 0.14022426307201385 152
1747829957714 0.1668686866760254 153
1747829958528 0.20849719643592834 154
1747829961368 0.16641651093959808 155
1747829961736 0.3921678364276886 156
1747829962143 0.17483800649642944 157
1747829962613 0.16043223440647125 158
1747829965359 0.16981978714466095 159
1747829965733 0.2039109766483307 160
1747829967782 0.24468110501766205 161
1747829968156 0.1568780541419983 162
1747829968559 0.18272823095321655 163
1747829970846 0.133778914809227 164
1747829971233 0.3395623564720154 165
1747829971617 0.23955312371253967 166
1747829972047 0.18606360256671906 167
1747829972858 0.3247298300266266 168
1747829973518 0.17973576486110687 169
1747829976689 0.25227391719818115 170
1747829978652 0.19065165519714355 171
1747829980797 0.25875917077064514 172
1747829982639 0.1974281370639801 173
1747829984472 0.19600698351860046 174
1747829984845 0.23735713958740234 175
1747829987022 0.34990063309669495 176
1747829987408 0.18221229314804077 177
1747829989730 0.2459910809993744 178
1747829991229 0.315444678068161 179
1747829991597 0.28521475195884705 180
1747830006445 0.14557106792926788 181
1747830007096 0.171203151345253 182
1747830009708 0.2031950205564499 183
1747830010108 0.18506936728954315 184
1747830012035 0.18245917558670044 185
1747830014095 0.2317400574684143 186
1747830016134 0.18889805674552917 187
1747830016529 0.2027338743209839 188
1747830018507 0.1682417392730713 189
1747830018883 0.2241583615541458 190
1747830019285 0.1379135102033615 191
1747830019652 0.3032074570655823 192
1747830020368 0.22247940301895142 193
1747830023215 0.17465855181217194 194
1747830023613 0.18451035022735596 195
1747830025823 0.1650162786245346 196
1747830026209 0.18470320105552673 197
1747830026594 0.1759030818939209 198
1747830027009 0.1660807877779007 199
1747830027712 0.15642601251602173 200
1747830030679 0.16182608902454376 201
1747830031049 0.22664141654968262 202
1747830031453 0.300149142742157 203
1747830031846 0.17856472730636597 204
1747830034177 0.1585179567337036 205
1747830034554 0.3048185706138611 206
1747830034942 0.20852576196193695 207
1747830035311 0.20148910582065582 208
1747830035928 0.2458694875240326 209
1747830037661 0.3292015790939331 210
1747830055411 0.1571471393108368 211
1747830057455 0.3452792465686798 212
1747830057833 0.15828494727611542 213
1747830058234 0.1947958767414093 214
1747830058605 0.21666750311851501 215
1747830061523 0.1763845980167389 216
1747830061917 0.17174440622329712 217
1747830062324 0.21194308996200562 218
1747830065099 0.20879539847373962 219
1747830065490 0.27702975273132324 220
1747830067596 0.26364147663116455 221
1747830067979 0.1746251881122589 222
1747830070160 0.14221541583538055 223
1747830070560 0.24034088850021362 224
1747830070970 0.17181214690208435 225
1747830073243 0.25003862380981445 226
1747830073620 0.17982056736946106 227
1747830073998 0.24180176854133606 228
1747830074423 0.14898043870925903 229
1747830077716 0.22778354585170746 230
1747830078097 0.18077459931373596 231
1747830078490 0.16200050711631775 232
1747830081135 0.17855308949947357 233
1747830081519 0.1739805042743683 234
1747830081926 0.12885954976081848 235
1747830084481 0.19215700030326843 236
1747830084887 0.15237131714820862 237
1747830085266 0.27354806661605835 238
1747830087544 0.26158854365348816 239
1747830087913 0.22319863736629486 240
1747830102717 0.19385892152786255 241
1747830103550 0.1646212488412857 242
1747830106015 0.30274632573127747 243
1747830106407 0.18897229433059692 244
1747830106804 0.21379703283309937 245
1747830109433 0.18624825775623322 246
1747830109813 0.15550413727760315 247
1747830112101 0.18523871898651123 248
1747830112485 0.45293933153152466 249
1747830114912 0.20255929231643677 250
1747830116697 0.14364036917686462 251
1747830117091 0.21096880733966827 252
1747830117462 0.21921494603157043 253
1747830117943 0.16449107229709625 254
1747830118631 0.217709481716156 255
1747830121048 0.23651228845119476 256
1747830121445 0.12086842209100723 257
1747830121828 0.16951501369476318 258
1747830122201 0.2485937476158142 259
1747830122943 0.15563149750232697 260
1747830123574 0.1921922266483307 261
1747830124434 0.15180476009845734 262
1747830126917 0.1423548310995102 263
1747830129061 0.2135455310344696 264
1747830130927 0.14749160408973694 265
1747830131294 0.1587238907814026 266
1747830131689 0.30285269021987915 267
1747830134259 0.17149552702903748 268
1747830134627 0.3011314868927002 269
1747830134997 0.1721755713224411 270
1747830150486 0.26965969800949097 271
1747830153499 0.17326626181602478 272
1747830153881 0.16808992624282837 273
1747830154273 0.2141781747341156 274
1747830157096 0.18197165429592133 275
1747830158913 0.24310724437236786 276
1747830159294 0.18152010440826416 277
1747830159692 0.28198742866516113 278
1747830160073 0.346773624420166 279
1747830160858 0.15108411014080048 280
1747830161742 0.1520722508430481 281
1747830162613 0.2944841980934143 282
1747830165482 0.1306018978357315 283
1747830165889 0.1544950306415558 284
1747830168117 0.1230049878358841 285
1747830169932 0.2689666748046875 286
1747830171813 0.3207370638847351 287
1747830172204 0.3734002113342285 288
1747830172600 0.2948896884918213 289
1747830172968 0.2154161036014557 290
1747830173788 0.2172182947397232 291
1747830176856 0.17213666439056396 292
1747830178921 0.19416755437850952 293
1747830179316 0.21963317692279816 294
1747830179707 0.19252657890319824 295
1747830180086 0.18593934178352356 296
1747830183046 0.2532440423965454 297
1747830185072 0.20698359608650208 298
1747830185435 0.18594461679458618 299
1747830185796 0.20590415596961975 300
1747830204173 0.1806299388408661 301
1747830206164 0.35030245780944824 302
1747830208080 0.12925803661346436 303
1747830208458 0.16978797316551208 304
1747830208847 0.22520290315151215 305
1747830209234 0.2125585973262787 306
1747830210193 0.17295444011688232 307
1747830211101 0.18760602176189423 308
1747830211866 0.1335165947675705 309
1747830212613 0.14561037719249725 310
1747830215403 0.22812217473983765 311
1747830215784 0.1945229172706604 312
1747830218168 0.16760167479515076 313
1747830218547 0.15874585509300232 314
1747830218925 0.13514403998851776 315
1747830221564 0.23781439661979675 316
1747830223549 0.1868802011013031 317
1747830223930 0.13962969183921814 318
1747830224343 0.24446210265159607 319
1747830224843 0.16498792171478271 320
1747830227815 0.1831747591495514 321
1747830229687 0.19902010262012482 322
1747830230067 0.14236494898796082 323
1747830230468 0.16999918222427368 324
1747830230858 0.183817058801651 325
1747830231789 0.18303202092647552 326
1747830232526 0.19595342874526978 327
1747830234988 0.1387629210948944 328
1747830236500 0.21711643040180206 329
1747830237910 0.3181239366531372 330
1747830255774 0.16592922806739807 331
1747830257821 0.1930682361125946 332
1747830258200 0.13687938451766968 333
1747830258594 0.10927185416221619 334
1747830259067 0.1434100866317749 335
1747830259770 0.1499929130077362 336
1747830262383 0.1738124042749405 337
1747830262778 0.21592293679714203 338
1747830265014 0.15983635187149048 339
1747830265382 0.16631938517093658 340
1747830267317 0.15650947391986847 341
1747830267702 0.12538833916187286 342
1747830269730 0.22510173916816711 343
1747830270096 0.22975537180900574 344
1747830270461 0.1745322346687317 345
1747830270971 0.20614957809448242 346
1747830273986 0.28220176696777344 347
1747830274369 0.16739580035209656 348
1747830276305 0.17731066048145294 349
1747830276694 0.1364198923110962 350
1747830277075 0.12380997836589813 351
1747830279989 0.15214665234088898 352
1747830281934 0.35683807730674744 353
1747830283874 0.2060736119747162 354
1747830285876 0.1261315643787384 355
1747830286268 0.4784928262233734 356
1747830288652 0.13144753873348236 357
1747830289032 0.15536487102508545 358
1747830289451 0.28065234422683716 359
1747830291116 0.13521480560302734 360
1747830306636 0.22711722552776337 361
1747830309452 0.22081923484802246 362
1747830311555 0.1807006597518921 363
1747830313616 0.14697881042957306 364
1747830313994 0.21893608570098877 365
1747830314378 0.14717146754264832 366
1747830317394 0.1391109675168991 367
1747830317767 0.16016516089439392 368
1747830319899 0.1962282806634903 369
1747830320285 0.2949265241622925 370
1747830322806 0.31457123160362244 371
1747830323184 0.14019738137722015 372
1747830325175 0.13990914821624756 373
1747830325569 0.18925464153289795 374
1747830328009 0.14123117923736572 375
1747830328396 0.26938968896865845 376
1747830328799 0.20639730989933014 377
1747830329170 0.16825230419635773 378
1747830332157 0.1704314947128296 379
1747830332580 0.17114531993865967 380
1747830333004 0.1389007866382599 381
1747830333375 0.32680144906044006 382
1747830334227 0.35498255491256714 383
1747830334948 0.21159164607524872 384
1747830337902 0.12497319281101227 385
1747830338292 0.1425662487745285 386
1747830338698 0.18079017102718353 387
1747830339067 0.15460744500160217 388
1747830339718 0.21686120331287384 389
1747830340617 0.11576250195503235 390
1747830357801 0.17519710958003998 391
1747830358181 0.2362784445285797 392
1747830358563 0.2832234501838684 393
1747830361413 0.27425551414489746 394
1747830361789 0.2023010551929474 395
1747830362169 0.16072843968868256 396
1747830362711 0.14740993082523346 397
1747830365390 0.24328060448169708 398
1747830365776 0.15160143375396729 399
1747830367810 0.16940543055534363 400
1747830368210 0.10988321900367737 401
1747830368599 0.24738284945487976 402
1747830369076 0.3084720969200134 403
1747830369780 0.3352532386779785 404
1747830370570 0.14817622303962708 405
1747830373398 0.3466467261314392 406
1747830375095 0.15833944082260132 407
1747830375487 0.14024409651756287 408
1747830375871 0.19758066534996033 409
1747830376272 0.17164643108844757 410
1747830379040 0.2091640830039978 411
1747830379439 0.2156912088394165 412
1747830379839 0.446044921875 413
1747830382638 0.2140396535396576 414
1747830383004 0.11891777813434601 415
1747830383401 0.13204404711723328 416
1747830385928 0.2565719485282898 417
1747830386309 0.1537550836801529 418
1747830387879 0.29084521532058716 419
1747830389386 0.3266587257385254 420
1747830406500 0.16717463731765747 421
1747830408457 0.19073180854320526 422
1747830408844 0.15570271015167236 423
1747830409247 0.1492675393819809 424
1747830409670 0.18268394470214844 425
1747830412419 0.14096204936504364 426
1747830412811 0.21678553521633148 427
1747830414915 0.23927223682403564 428
1747830416899 0.17674019932746887 429
1747830419086 0.23648130893707275 430
1747830419468 0.13602817058563232 431
1747830421637 0.15561528503894806 432
1747830422016 0.21305125951766968 433
1747830422412 0.14685451984405518 434
1747830425215 0.16455060243606567 435
1747830427043 0.1875653713941574 436
1747830427422 0.13601139187812805 437
1747830427824 0.20229090750217438 438
1747830430186 0.15976333618164062 439
1747830432263 0.13591346144676208 440
1747830432633 0.17047525942325592 441
1747830433049 0.21056032180786133 442
1747830433418 0.2463947981595993 443
1747830436398 0.23611637949943542 444
1747830436784 0.3148411810398102 445
1747830438908 0.12897947430610657 446
1747830439289 0.10592830926179886 447
1747830441506 0.212982639670372 448
1747830443026 0.2935725152492523 449
1747830443383 0.3789219856262207 450
1747830460293 0.25849205255508423 451
1747830460700 0.1583358645439148 452
1747830462686 0.15442679822444916 453
1747830464383 0.19388949871063232 454
1747830464769 0.1974150836467743 455
1747830465170 0.11271734535694122 456
1747830465577 0.16218364238739014 457
1747830468129 0.13706280291080475 458
1747830470072 0.18502365052700043 459
1747830470465 0.21446622908115387 460
1747830470868 0.1097349226474762 461
1747830473476 0.29363784193992615 462
1747830473874 0.2914949357509613 463
1747830475978 0.2034941464662552 464
1747830476366 0.27052414417266846 465
1747830476751 0.2107982635498047 466
1747830477370 0.20995959639549255 467
1747830480102 0.11470257490873337 468
1747830480504 0.1711575984954834 469
1747830480878 0.13612966239452362 470
1747830481263 0.126169353723526 471
1747830484187 0.24236232042312622 472
1747830484587 0.15810096263885498 473
1747830486592 0.20609484612941742 474
1747830488471 0.20703309774398804 475
1747830488855 0.13947609066963196 476
1747830490987 0.1587400734424591 477
1747830491380 0.1493423879146576 478
1747830492979 0.23930878937244415 479
1747830493357 0.15830999612808228 480
1747830509187 0.2630300521850586 481
1747830511934 0.13135379552841187 482
1747830512325 0.23955076932907104 483
1747830514544 0.19500496983528137 484
1747830514936 0.21535751223564148 485
1747830515331 0.24323925375938416 486
1747830518090 0.24643459916114807 487
1747830518484 0.1722627580165863 488
1747830518864 0.1640685647726059 489
1747830519388 0.17155462503433228 490
1747830522197 0.31472596526145935 491
1747830524055 0.24143216013908386 492
1747830526052 0.20278021693229675 493
1747830526443 0.13891030848026276 494
1747830528546 0.16833937168121338 495
1747830530269 0.1230047345161438 496
1747830530667 0.2274271547794342 497
1747830531037 0.2529042661190033 498
1747830531453 0.20375050604343414 499
1747830532340 0.1627458781003952 500
1747830533153 0.17485928535461426 501
1747830533845 0.2692142128944397 502
1747830534628 0.14655309915542603 503
1747830535488 0.1337047666311264 504
1747830536214 0.13595053553581238 505
1747830536863 0.1652039885520935 506
1747830537635 0.13026495277881622 507
1747830538332 0.17440658807754517 508
1747830540687 0.14578428864479065 509
1747830542275 0.27414238452911377 510
1747830560583 0.12621143460273743 511
1747830562544 0.2109672725200653 512
1747830562933 0.14836949110031128 513
1747830563332 0.1558813601732254 514
1747830563801 0.16892839968204498 515
1747830566241 0.22515630722045898 516
1747830566631 0.1953485608100891 517
1747830567038 0.16534462571144104 518
1747830567558 0.22322532534599304 519
1747830568451 0.13227050006389618 520
1747830569253 0.13240794837474823 521
1747830569902 0.19283150136470795 522
1747830570520 0.12034973502159119 523
1747830571193 0.16932162642478943 524
1747830573701 0.16567716002464294 525
1747830574071 0.23195160925388336 526
1747830576279 0.15534405410289764 527
1747830576669 0.20789185166358948 528
1747830578929 0.13511258363723755 529
1747830580815 0.10699500143527985 530
1747830582677 0.1638050377368927 531
1747830583053 0.14078548550605774 532
1747830583457 0.12638196349143982 533
1747830583850 0.14995570480823517 534
1747830586345 0.13734333217144012 535
1747830586720 0.26275721192359924 536
1747830587123 0.12583622336387634 537
1747830589923 0.16726422309875488 538
1747830590275 0.22914746403694153 539
1747830590635 0.20390161871910095 540
1747830608154 0.18963083624839783 541
1747830609916 0.15295663475990295 542
1747830610321 0.11153901368379593 543
1747830610693 0.199384868144989 544
1747830613181 0.1397172510623932 545
1747830613593 0.2738746106624603 546
1747830613967 0.13222403824329376 547
1747830614477 0.2256147861480713 548
1747830615137 0.11125882714986801 549
1747830616020 0.10307899117469788 550
1747830618738 0.16979381442070007 551
1747830619108 0.12657207250595093 552
1747830619527 0.18220704793930054 553
1747830619931 0.16305509209632874 554
1747830620743 0.14580895006656647 555
1747830621443 0.18855971097946167 556
1747830622284 0.3356340825557709 557
1747830624840 0.18799935281276703 558
1747830627004 0.1413080394268036 559
1747830627389 0.12412199378013611 560
1747830629522 0.14599531888961792 561
1747830631535 0.18321332335472107 562
1747830633484 0.16217884421348572 563
1747830633865 0.15198847651481628 564
1747830634245 0.23150941729545593 565
1747830634648 0.11411009728908539 566
1747830637753 0.1393614560365677 567
1747830638134 0.29859697818756104 568
1747830638524 0.2795845568180084 569
1747830638900 0.1282118707895279 570
1747830654090 0.11516721546649933 571
1747830656767 0.3228680193424225 572
1747830657148 0.14909501373767853 573
1747830657560 0.19119574129581451 574
1747830658020 0.20791113376617432 575
1747830660926 0.11652546375989914 576
1747830661341 0.20037096738815308 577
1747830661737 0.12530991435050964 578
1747830662303 0.26903486251831055 579
1747830663079 0.14478066563606262 580
1747830663979 0.19943346083164215 581
1747830666932 0.1900055706501007 582
1747830667327 0.30200326442718506 583
1747830667713 0.13255055248737335 584
1747830668121 0.20998600125312805 585
1747830671139 0.3696516156196594 586
1747830671537 0.11967003345489502 587
1747830673793 0.16566778719425201 588
1747830675820 0.13540762662887573 589
1747830676197 0.16037556529045105 590
1747830676609 0.12947779893875122 591
1747830677080 0.15303973853588104 592
1747830677767 0.15065443515777588 593
1747830678403 0.11689794808626175 594
1747830681355 0.1770063191652298 595
1747830681749 0.15066169202327728 596
1747830683910 0.17485126852989197 597
1747830684285 0.13936491310596466 598
1747830684683 0.15425516664981842 599
1747830686267 0.2142236977815628 600
1747830701998 0.11047842353582382 601
1747830702857 0.12903834879398346 602
1747830705713 0.26854172348976135 603
1747830706090 0.21703732013702393 604
1747830706489 0.4598141014575958 605
1747830706873 0.12239962816238403 606
1747830709634 0.20291578769683838 607
1747830711516 0.14420197904109955 608
1747830711910 0.2087944746017456 609
1747830712307 0.1547432392835617 610
1747830715051 0.2566865086555481 611
1747830716755 0.15894566476345062 612
1747830718550 0.15369164943695068 613
1747830720286 0.14279888570308685 614
1747830722161 0.12865054607391357 615
1747830722556 0.18861174583435059 616
1747830722950 0.11950203776359558 617
1747830723324 0.15676063299179077 618
1747830725914 0.14127448201179504 619
1747830726329 0.13476938009262085 620
1747830726718 0.17477545142173767 621
1747830727125 0.17176395654678345 622
1747830727693 0.13622264564037323 623
1747830730663 0.2031540870666504 624
1747830731061 0.2659522593021393 625
1747830731460 0.18178032338619232 626
1747830734068 0.1464834362268448 627
1747830734460 0.20035181939601898 628
1747830734856 0.13965407013893127 629
1747830735307 0.09915100038051605 630
1747830750817 0.19824150204658508 631
1747830751468 0.2390478104352951 632
1747830752306 0.13137023150920868 633
1747830753082 0.14848217368125916 634
1747830755624 0.1382952630519867 635
1747830756000 0.13582724332809448 636
1747830757961 0.1261109858751297 637
1747830759675 0.12625741958618164 638
1747830760048 0.1939193308353424 639
1747830760460 0.27012139558792114 640
1747830763300 0.10397304594516754 641
1747830765264 0.2016887664794922 642
1747830765666 0.16095513105392456 643
1747830766055 0.1733786016702652 644
1747830766626 0.14114715158939362 645
1747830769003 0.12497786432504654 646
1747830769394 0.12971347570419312 647
1747830771581 0.1571192741394043 648
1747830773303 0.19032061100006104 649
1747830775307 0.15075905621051788 650
1747830777522 0.25353142619132996 651
1747830779265 0.13122683763504028 652
1747830779648 0.14909762144088745 653
1747830781752 0.14451491832733154 654
1747830782124 0.13272656500339508 655
1747830782502 0.20947641134262085 656
1747830783043 0.16050589084625244 657
1747830783828 0.1261591911315918 658
1747830784504 0.22715511918067932 659
1747830785287 0.14411643147468567 660
1747830801021 0.13095644116401672 661
1747830801647 0.2303290069103241 662
1747830804510 0.14482122659683228 663
1747830806203 0.1425628513097763 664
1747830808093 0.14097276329994202 665
1747830810593 0.1842370182275772 666
1747830812623 0.12532205879688263 667
1747830813016 0.22066940367221832 668
1747830813426 0.13478997349739075 669
1747830813897 0.20634961128234863 670
1747830814651 0.2667379081249237 671
1747830815518 0.12387194484472275 672
1747830816142 0.11950274556875229 673
1747830816884 0.12845374643802643 674
1747830817719 0.14028379321098328 675
1747830820890 0.23303088545799255 676
1747830822759 0.26533690094947815 677
1747830823145 0.19168302416801453 678
1747830823532 0.12393651902675629 679
1747830826086 0.11522258073091507 680
1747830827960 0.10595613718032837 681
1747830828362 0.15258587896823883 682
1747830828742 0.1480455994606018 683
1747830829142 0.1749553084373474 684
1747830829758 0.18109148740768433 685
1747830830433 0.13856658339500427 686
1747830831198 0.17626479268074036 687
1747830831847 0.11308945715427399 688
1747830833987 0.1636303812265396 689
1747830835611 0.3258882462978363 690
1747830852857 0.1776314377784729 691
1747830853257 0.2356601357460022 692
1747830855697 0.12059914320707321 693
1747830856080 0.13535015285015106 694
1747830856479 0.10341547429561615 695
1747830859043 0.227263405919075 696
1747830859438 0.11655205488204956 697
1747830861615 0.16677527129650116 698
1747830862003 0.21849316358566284 699
1747830862394 0.1424385905265808 700
1747830862796 0.12718628346920013 701
1747830863497 0.1931116282939911 702
1747830864186 0.3295188248157501 703
1747830867063 0.11030125617980957 704
1747830868871 0.18503215909004211 705
1747830869251 0.1316157579421997 706
1747830869646 0.0924333781003952 707
1747830872464 0.15488195419311523 708
1747830874481 0.12261601537466049 709
1747830876302 0.19265790283679962 710
1747830876689 0.12671694159507751 711
1747830877091 0.1439078450202942 712
1747830879980 0.20392465591430664 713
1747830880370 0.1161983534693718 714
1747830880776 0.17828454077243805 715
1747830881181 0.12067199498414993 716
1747830883968 0.2763841450214386 717
1747830885734 0.11685582250356674 718
1747830886110 0.21687555313110352 719
1747830886480 0.1429048478603363 720
1747830903944 0.21737521886825562 721
1747830906076 0.14180168509483337 722
1747830906460 0.2105720490217209 723
1747830906864 0.15205591917037964 724
1747830908877 0.11753073334693909 725
1747830909256 0.2314271181821823 726
1747830909628 0.11116835474967957 727
1747830910189 0.13841572403907776 728
1747830911101 0.12942981719970703 729
1747830911785 0.16963325440883636 730
1747830914602 0.096768818795681 731
1747830915006 0.10819883644580841 732
1747830915390 0.12116557359695435 733
1747830918279 0.25365519523620605 734
1747830918668 0.12801901996135712 735
1747830919072 0.15754587948322296 736
1747830921818 0.16207005083560944 737
1747830922208 0.1365671455860138 738
1747830922592 0.25418663024902344 739
1747830923153 0.11671948432922363 740
1747830926073 0.14292031526565552 741
1747830928113 0.12316693365573883 742
1747830930105 0.1675911545753479 743
1747830931991 0.14137111604213715 744
1747830932385 0.1656351387500763 745
1747830932766 0.11229927837848663 746
1747830933152 0.1716313660144806 747
1747830933926 0.18051518499851227 748
1747830934707 0.21533501148223877 749
1747830936631 0.10680078715085983 750
1747830952185 0.1665959656238556 751
1747830954749 0.10411421954631805 752
1747830955159 0.3077445328235626 753
1747830955562 0.14189141988754272 754
1747830958606 0.20060953497886658 755
1747830959013 0.12718674540519714 756
1747830959394 0.10460758954286575 757
1747830962253 0.16317203640937805 758
1747830962644 0.13012412190437317 759
1747830963045 0.11013142019510269 760
1747830963413 0.13964462280273438 761
1747830964214 0.1261208951473236 762
1747830965205 0.13622623682022095 763
1747830965992 0.18812814354896545 764
1747830966958 0.1131742000579834 765
1747830970238 0.12527576088905334 766
1747830970634 0.12420599162578583 767
1747830972741 0.3377942144870758 768
1747830973144 0.16175049543380737 769
1747830973520 0.14296118915081024 770
1747830974087 0.1631215512752533 771
1747830974942 0.10487501323223114 772
1747830975922 0.12427358329296112 773
1747830978962 0.22028979659080505 774
1747830979347 0.30870914459228516 775
1747830981443 0.30667972564697266 776
1747830981833 0.16369707882404327 777
1747830982230 0.18531958758831024 778
1747830982701 0.1196061298251152 779
1747830983417 0.10476045310497284 780
1747830998591 0.15894775092601776 781
1747831001166 0.20213991403579712 782
1747831003087 0.11252401769161224 783
1747831004892 0.1827094852924347 784
1747831006777 0.1301485300064087 785
1747831008793 0.15938498079776764 786
1747831009177 0.1941232830286026 787
1747831009591 0.20208138227462769 788
1747831010055 0.21955078840255737 789
1747831012980 0.11161970347166061 790
1747831013359 0.25673624873161316 791
1747831013735 0.13799801468849182 792
1747831014121 0.1126970648765564 793
1747831016745 0.2312777191400528 794
1747831017150 0.12142212688922882 795
1747831017539 0.19903872907161713 796
1747831017956 0.12550850212574005 797
1747831020576 0.313792884349823 798
1747831022293 0.12871213257312775 799
1747831024378 0.13775292038917542 800
1747831024761 0.24646179378032684 801
1747831025157 0.11976338922977448 802
1747831027450 0.1547895222902298 803
1747831029194 0.10884584486484528 804
1747831029573 0.12225350737571716 805
1747831029973 0.15300516784191132 806
1747831030441 0.12957248091697693 807
1747831031258 0.2098604142665863 808
1747831033403 0.16370682418346405 809
1747831033774 0.13887302577495575 810
1747831050826 0.1490367352962494 811
1747831053155 0.2470891773700714 812
1747831055230 0.19703304767608643 813
1747831057349 0.26381057500839233 814
1747831058979 0.18513604998588562 815
1747831059361 0.11653173714876175 816
1747831059774 0.11762212216854095 817
1747831060143 0.22064778208732605 818
1747831060937 0.09129821509122849 819
1747831061589 0.12010949105024338 820
1747831064091 0.13757646083831787 821
1747831066059 0.13655483722686768 822
1747831066439 0.1434846967458725 823
1747831068495 0.1035645380616188 824
1747831068876 0.1056029349565506 825
1747831069266 0.12360437214374542 826
1747831069640 0.19480964541435242 827
1747831070284 0.14203481376171112 828
1747831071004 0.1290685534477234 829
1747831071713 0.14048385620117188 830
1747831072418 0.1873055249452591 831
1747831074903 0.17841164767742157 832
1747831076685 0.10613293200731277 833
1747831078559 0.11862605810165405 834
1747831080574 0.10711268335580826 835
1747831080961 0.13246512413024902 836
1747831083162 0.16415084898471832 837
1747831083563 0.1303161382675171 838
1747831083951 0.10855352878570557 839
1747831084499 0.08967176824808121 840
1747831100345 0.1815565973520279 841
1747831103422 0.08586779981851578 842
1747831103819 0.1363770067691803 843
1747831106220 0.13159598410129547 844
1747831108155 0.3404496908187866 845
1747831108544 0.13257160782814026 846
1747831108940 0.14048700034618378 847
1747831111303 0.1181977167725563 848
1747831111699 0.13790403306484222 849
1747831112101 0.16017241775989532 850
1747831112638 0.19407419860363007 851
1747831115614 0.22436201572418213 852
1747831116007 0.18226808309555054 853
1747831116399 0.1451098769903183 854
1747831116906 0.17819617688655853 855
1747831117608 0.15762844681739807 856
1747831120616 0.13816508650779724 857
1747831120994 0.10025911778211594 858
1747831121394 0.0984254851937294 859
1747831121783 0.12786537408828735 860
1747831124597 0.1767796277999878 861
1747831124992 0.10646097362041473 862
1747831127097 0.17996269464492798 863
1747831127500 0.12058819830417633 864
1747831129463 0.20159734785556793 865
1747831129868 0.19557297229766846 866
1747831130264 0.3390597999095917 867
1747831132998 0.12835711240768433 868
1747831133368 0.11197923123836517 869
1747831133733 0.1166318953037262 870
1747831152327 0.0983937531709671 871
1747831154193 0.10950307548046112 872
1747831154591 0.18786950409412384 873
1747831156545 0.12551549077033997 874
1747831156936 0.2643159031867981 875
1747831157325 0.08644147962331772 876
1747831157795 0.12150682508945465 877
1747831158753 0.16521285474300385 878
1747831162201 0.19157332181930542 879
1747831163947 0.20906777679920197 880
1747831164338 0.18198612332344055 881
1747831164721 0.14914649724960327 882
1747831165122 0.12419477105140686 883
1747831168197 0.12907908856868744 884
1747831170146 0.1264747679233551 885
1747831170530 0.09744477272033691 886
1747831170912 0.17322054505348206 887
1747831171296 0.10670337826013565 888
1747831171933 0.10634367167949677 889
1747831175006 0.1424827128648758 890
1747831175397 0.2353033870458603 891
1747831175793 0.11052925884723663 892
1747831176321 0.17265525460243225 893
1747831179375 0.1321190446615219 894
1747831181178 0.1912122219800949 895
1747831183041 0.19273674488067627 896
1747831183438 0.2789016366004944 897
1747831183847 0.13345828652381897 898
1747831184359 0.18170443177223206 899
1747831186396 0.18902060389518738 900
1747831203759 0.24220693111419678 901
1747831205928 0.21053290367126465 902
1747831206315 0.19270238280296326 903
1747831208886 0.29963698983192444 904
1747831209278 0.12231654673814774 905
1747831211408 0.23079942166805267 906
1747831213358 0.13918359577655792 907
1747831213751 0.16980504989624023 908
1747831214114 0.25236624479293823 909
1747831216471 0.11236632615327835 910
1747831218440 0.11212038993835449 911
1747831218831 0.10986826568841934 912
1747831221262 0.13905125856399536 913
1747831221657 0.1357499212026596 914
1747831222063 0.09187141060829163 915
1747831224367 0.10827892273664474 916
1747831224773 0.17986617982387543 917
1747831225177 0.2428503930568695 918
1747831227675 0.13637395203113556 919
1747831228045 0.21243491768836975 920
1747831230363 0.11757124960422516 921
1747831230757 0.11509139835834503 922
1747831233086 0.14184704422950745 923
1747831233482 0.2884213924407959 924
1747831236103 0.18145161867141724 925
1747831236495 0.18687273561954498 926
1747831236891 0.12587694823741913 927
1747831237554 0.164758563041687 928
1747831238507 0.12185408174991608 929
1747831239220 0.13053423166275024 930
1747831255193 0.19376644492149353 931
1747831258554 0.12665684521198273 932
1747831258935 0.1250554472208023 933
1747831260941 0.24099524319171906 934
1747831262743 0.20888745784759521 935
1747831263130 0.13630132377147675 936
1747831265656 0.2019624263048172 937
1747831267670 0.19227565824985504 938
1747831269694 0.22146311402320862 939
1747831270085 0.106707364320755 940
1747831270487 0.287412166595459 941
1747831273255 0.18870848417282104 942
1747831273642 0.14738425612449646 943
1747831274010 0.11104853451251984 944
1747831274385 0.08202490955591202 945
1747831277524 0.2577647566795349 946
1747831277927 0.23155519366264343 947
1747831278304 0.14189252257347107 948
1747831278737 0.1317785084247589 949
1747831279467 0.2534959018230438 950
1747831282032 0.13770541548728943 951
1747831284006 0.101690873503685 952
1747831284398 0.20124104619026184 953
1747831284779 0.11223649978637695 954
1747831285156 0.12353645265102386 955
1747831286119 0.1306232064962387 956
1747831287038 0.1336495280265808 957
1747831290151 0.17873579263687134 958
1747831291698 0.11378826200962067 959
1747831293167 0.1646556854248047 960
1747831308272 0.16808277368545532 961
1747831310769 0.18634465336799622 962
1747831312689 0.10448762774467468 963
1747831314338 0.1061336100101471 964
1747831314725 0.17990662157535553 965
1747831315091 0.10774457454681396 966
1747831317898 0.23449091613292694 967
1747831319855 0.1264685094356537 968
1747831321602 0.13444273173809052 969
1747831321993 0.08504676073789597 970
1747831322357 0.1367807388305664 971
1747831324936 0.309373676776886 972
1747831326653 0.11163312941789627 973
1747831328817 0.17961794137954712 974
1747831330535 0.171245738863945 975
1747831330926 0.14037376642227173 976
1747831331293 0.12258734554052353 977
1747831331806 0.22754694521427155 978
1747831334760 0.1424122452735901 979
1747831335136 0.13673566281795502 980
1747831335510 0.11879970133304596 981
1747831338128 0.35436180233955383 982
1747831338514 0.09216772019863129 983
1747831340759 0.16260823607444763 984
1747831341150 0.13590089976787567 985
1747831341555 0.1598089188337326 986
1747831341930 0.16436538100242615 987
1747831342552 0.10131126642227173 988
1747831343232 0.171613872051239 989
1747831344063 0.3226432204246521 990
1747831361743 0.13019904494285583 991
1747831362124 0.12965309619903564 992
1747831364309 0.15044954419136047 993
1747831365958 0.18776780366897583 994
1747831367936 0.15958485007286072 995
1747831368323 0.12962910532951355 996
1747831368697 0.11430366337299347 997
1747831369073 0.10699465870857239 998
1747831369871 0.15538224577903748 999
1747831372473 0.11430160701274872 1000
1747831372887 0.18336457014083862 1001
1747831373275 0.13438796997070312 1002
1747831373870 0.10769341886043549 1003
1747831374539 0.11015699058771133 1004
1747831375228 0.17463703453540802 1005
1747831376081 0.1238899752497673 1006
1747831376828 0.16343775391578674 1007
1747831379725 0.18725720047950745 1008
1747831381530 0.12369730323553085 1009
1747831381942 0.18676431477069855 1010
1747831382328 0.1269567608833313 1011
1747831384638 0.15078045427799225 1012
1747831386358 0.11019338667392731 1013
1747831386747 0.12404195964336395 1014
1747831387135 0.14052072167396545 1015
1747831389655 0.15202727913856506 1016
1747831391500 0.1119479089975357 1017
1747831393461 0.13063505291938782 1018
1747831394810 0.10669854283332825 1019
1747831395177 0.10551507025957108 1020
1747831412413 0.14152999222278595 1021
1747831414414 0.10114417970180511 1022
1747831416537 0.13188999891281128 1023
1747831418391 0.12999926507472992 1024
1747831418794 0.13164255023002625 1025
1747831421475 0.12022778391838074 1026
1747831423533 0.14448219537734985 1027
1747831423916 0.0912356749176979 1028
1747831424317 0.16931435465812683 1029
1747831424693 0.09583225101232529 1030
1747831425439 0.10378357768058777 1031
1747831428516 0.13661175966262817 1032
1747831428903 0.17100253701210022 1033
1747831430834 0.17013466358184814 1034
1747831431217 0.11831273883581161 1035
1747831431612 0.1319100558757782 1036
1747831432116 0.2946782410144806 1037
1747831435340 0.11215343326330185 1038
1747831437127 0.15964321792125702 1039
1747831437516 0.12942266464233398 1040
1747831437903 0.16830968856811523 1041
1747831438286 0.0960804671049118 1042
1747831439070 0.10981722176074982 1043
1747831442123 0.21982219815254211 1044
1747831442514 0.10121675580739975 1045
1747831444721 0.2596781253814697 1046
1747831446822 0.30239370465278625 1047
1747831447211 0.4349644184112549 1048
1747831447607 0.10339061170816422 1049
1747831447970 0.17611676454544067 1050
1747831465642 0.12591050565242767 1051
1747831467353 0.21750326454639435 1052
1747831469384 0.10710622370243073 1053
1747831469771 0.24591612815856934 1054
1747831470161 0.10569959878921509 1055
1747831472589 0.23227523267269135 1056
1747831472982 0.14446742832660675 1057
1747831473394 0.13586607575416565 1058
1747831473874 0.13854502141475677 1059
1747831474685 0.1306513100862503 1060
1747831477363 0.10953965783119202 1061
1747831477741 0.12907060980796814 1062
1747831478145 0.17785179615020752 1063
1747831478532 0.12479901313781738 1064
1747831479201 0.09886261075735092 1065
1747831479876 0.2236187905073166 1066
1747831482810 0.11787000298500061 1067
1747831484870 0.13551126420497894 1068
1747831486628 0.13414356112480164 1069
1747831487021 0.22945058345794678 1070
1747831487407 0.13119664788246155 1071
1747831487790 0.09975861012935638 1072
1747831488611 0.1536184400320053 1073
1747831489333 0.09061013162136078 1074
1747831490005 0.2351202517747879 1075
1747831490724 0.30617955327033997 1076
1747831491571 0.0966777577996254 1077
1747831492256 0.11739669740200043 1078
1747831494856 0.19146615266799927 1079
1747831496132 0.1453298181295395 1080
1747831511519 0.10453370213508606 1081
1747831512199 0.144636332988739 1082
1747831515009 0.15947294235229492 1083
1747831515412 0.12926346063613892 1084
1747831515799 0.1615176945924759 1085
1747831518084 0.11038996279239655 1086
1747831519878 0.09734019637107849 1087
1747831522007 0.20406973361968994 1088
1747831523963 0.11924255639314651 1089
1747831524340 0.12297677248716354 1090
1747831524728 0.28983789682388306 1091
1747831525247 0.11056984215974808 1092
1747831526151 0.09586802870035172 1093
1747831527003 0.10340121388435364 1094
1747831527859 0.10286553204059601 1095
1747831528688 0.09348002076148987 1096
1747831529546 0.1380646824836731 1097
1747831530231 0.1807989478111267 1098
1747831530975 0.1292186677455902 1099
1747831534275 0.27908095717430115 1100
1747831536158 0.24266618490219116 1101
1747831536549 0.15588665008544922 1102
1747831536935 0.3073027729988098 1103
1747831537498 0.14933401346206665 1104
1747831538340 0.1714732050895691 1105
1747831539180 0.1477293223142624 1106
1747831542067 0.2142883539199829 1107
1747831542460 0.34541162848472595 1108
1747831544009 0.11733191460371017 1109
1747831544380 0.21569499373435974 1110
1747831560871 0.14690914750099182 1111
1747831563724 0.10778068751096725 1112
1747831564112 0.429449200630188 1113
1747831564498 0.10050652921199799 1114
1747831564996 0.0953969657421112 1115
1747831565689 0.1560029685497284 1116
1747831568378 0.12646961212158203 1117
1747831568784 0.2855011224746704 1118
1747831570845 0.26062095165252686 1119
1747831572688 0.3045912981033325 1120
1747831573080 0.1480921506881714 1121
1747831575191 0.40619704127311707 1122
1747831576888 0.17631518840789795 1123
1747831577267 0.13057208061218262 1124
1747831579651 0.2147497534751892 1125
1747831580029 0.1528245061635971 1126
1747831582454 0.17414972186088562 1127
1747831584378 0.16501662135124207 1128
1747831586429 0.2898476719856262 1129
1747831588221 0.10492410510778427 1130
1747831590080 0.13861963152885437 1131
1747831590467 0.2032071202993393 1132
1747831590870 0.1411421149969101 1133
1747831591241 0.1361735463142395 1134
1747831591997 0.1288280189037323 1135
1747831594877 0.13426662981510162 1136
1747831595247 0.1357155442237854 1137
1747831597868 0.26730167865753174 1138
1747831599110 0.1635904312133789 1139
1747831600528 0.12254273891448975 1140
1747831618666 0.1013602614402771 1141
1747831619061 0.22929300367832184 1142
1747831621196 0.16254113614559174 1143
1747831623252 0.22133766114711761 1144
1747831625142 0.13394007086753845 1145
1747831625541 0.08500231057405472 1146
1747831625934 0.31909632682800293 1147
1747831628669 0.1233842521905899 1148
1747831629074 0.10544438660144806 1149
1747831629470 0.22390756011009216 1150
1747831632046 0.15042519569396973 1151
1747831634035 0.11982715129852295 1152
1747831635757 0.2365298867225647 1153
1747831637799 0.1287141740322113 1154
1747831639852 0.13957534730434418 1155
1747831640234 0.11125998198986053 1156
1747831642287 0.18400661647319794 1157
1747831642674 0.11991386115550995 1158
1747831643066 0.09277800470590591 1159
1747831643444 0.1256398856639862 1160
1747831644098 0.14598998427391052 1161
1747831646967 0.14577046036720276 1162
1747831648874 0.14750859141349792 1163
1747831649260 0.1032998263835907 1164
1747831649649 0.13864824175834656 1165
1747831652196 0.12312017381191254 1166
1747831652583 0.16107669472694397 1167
1747831654642 0.10839858651161194 1168
1747831656120 0.16297098994255066 1169
1747831656491 0.10604232549667358 1170
1747831673864 0.1682063341140747 1171
1747831674257 0.2712065279483795 1172
1747831674659 0.14383816719055176 1173
1747831675198 0.12343283742666245 1174
1747831678048 0.12609246373176575 1175
1747831680229 0.13414955139160156 1176
1747831680614 0.1012612134218216 1177
1747831681001 0.23259766399860382 1178
1747831681372 0.21134859323501587 1179
1747831682249 0.2886658012866974 1180
1747831685254 0.12176365405321121 1181
1747831685638 0.1343386173248291 1182
1747831687865 0.1597444713115692 1183
1747831689671 0.14900201559066772 1184
1747831691522 0.19118022918701172 1185
1747831691913 0.30815011262893677 1186
1747831692329 0.17686280608177185 1187
1747831694387 0.09533120691776276 1188
1747831694804 0.09130185842514038 1189
1747831695197 0.10395868122577667 1190
1747831695591 0.16099946200847626 1191
1747831698169 0.12042337656021118 1192
1747831698565 0.10587909817695618 1193
1747831700553 0.1538456380367279 1194
1747831702228 0.08156300336122513 1195
1747831702611 0.09228337556123734 1196
1747831705144 0.208058163523674 1197
1747831706988 0.1108635738492012 1198
1747831708418 0.11583571135997772 1199
1747831708790 0.11121417582035065 1200
1747831724949 0.1053021103143692 1201
1747831725778 0.19998128712177277 1202
1747831726451 0.1251922994852066 1203
1747831729144 0.11629395186901093 1204
1747831729568 0.1217118352651596 1205
1747831729968 0.30421018600463867 1206
1747831732519 0.1263248771429062 1207
1747831732913 0.09868653118610382 1208
1747831733321 0.09287630766630173 1209
1747831733693 0.13143126666545868 1210
1747831734373 0.2082698494195938 1211
1747831735029 0.11840419471263885 1212
1747831737934 0.15219572186470032 1213
1747831739867 0.13341407477855682 1214
1747831740254 0.08781643211841583 1215
1747831740644 0.10474449396133423 1216
1747831741059 0.423364520072937 1217
1747831741930 0.14468984305858612 1218
1747831744501 0.09355799108743668 1219
1747831744912 0.11508864164352417 1220
1747831745312 0.09003463387489319 1221
1747831747857 0.1301403045654297 1222
1747831748232 0.16236993670463562 1223
1747831750773 0.17773735523223877 1224
1747831752621 0.15878400206565857 1225
1747831753013 0.12095120549201965 1226
1747831754956 0.08095501363277435 1227
1747831756895 0.13973818719387054 1228
1747831758431 0.17776508629322052 1229
1747831758799 0.11915355920791626 1230
1747831774090 0.09938328713178635 1231
1747831776746 0.14242349565029144 1232
1747831777154 0.10792561620473862 1233
1747831777535 0.12349982559680939 1234
1747831778119 0.27601659297943115 1235
1747831778900 0.2734023332595825 1236
1747831779581 0.09252135455608368 1237
1747831780450 0.2328401356935501 1238
1747831783093 0.2381851077079773 1239
1747831783506 0.1871155947446823 1240
1747831785927 0.1145150363445282 1241
1747831786303 0.07975692301988602 1242
1747831786694 0.12778033316135406 1243
1747831787077 0.12422483414411545 1244
1747831787724 0.10623681545257568 1245
1747831788562 0.34648561477661133 1246
1747831791299 0.11328288167715073 1247
1747831793115 0.12267090380191803 1248
1747831793497 0.12031064927577972 1249
1747831793897 0.16663354635238647 1250
1747831796185 0.111722432076931 1251
1747831797966 0.08539082109928131 1252
1747831798350 0.11806892603635788 1253
1747831798739 0.08327480405569077 1254
1747831799128 0.08988772332668304 1255
1747831799953 0.1373884081840515 1256
1747831800685 0.083890900015831 1257
1747831801506 0.09973590075969696 1258
1747831802183 0.17718473076820374 1259
1747831803854 0.12168411910533905 1260
1747831822564 0.2593870759010315 1261
1747831824446 0.19106321036815643 1262
1747831824837 0.21256384253501892 1263
1747831827398 0.31411048769950867 1264
1747831827780 0.09467871487140656 1265
1747831828164 0.11966600269079208 1266
1747831828703 0.11468011885881424 1267
1747831829567 0.08697567135095596 1268
1747831830426 0.12039998918771744 1269
1747831833623 0.12037485837936401 1270
1747831835590 0.32084012031555176 1271
1747831837423 0.12042048573493958 1272
1747831837803 0.2524675130844116 1273
1747831838185 0.13627207279205322 1274
1747831840374 0.08210257440805435 1275
1747831840777 0.09719668328762054 1276
1747831841157 0.08948005735874176 1277
1747831841721 0.18319445848464966 1278
1747831842470 0.13477739691734314 1279
1747831843434 0.11378253996372223 1280
1747831844314 0.14163467288017273 1281
1747831844990 0.2019873857498169 1282
1747831845818 0.12163081765174866 1283
1747831848684 0.10406603664159775 1284
1747831849059 0.09811131656169891 1285
1747831849449 0.23632757365703583 1286
1747831849821 0.11706456542015076 1287
1747831852821 0.09638985246419907 1288
1747831854209 0.11077453196048737 1289
1747831855721 0.10730493068695068 1290
1747831872797 0.09328755736351013 1291
1747831873171 0.30136287212371826 1292
1747831875688 0.2388826161623001 1293
1747831877647 0.10960902273654938 1294
1747831879879 0.14587505161762238 1295
1747831880271 0.21656915545463562 1296
1747831882301 0.09617353230714798 1297
1747831882687 0.2510125935077667 1298
1747831883090 0.09429717808961868 1299
1747831883550 0.12374278903007507 1300
1747831885991 0.11236657947301865 1301
1747831887958 0.34922969341278076 1302
1747831888352 0.09881793707609177 1303
1747831888743 0.5255156755447388 1304
1747831891402 0.3946033716201782 1305
1747831891776 0.14234192669391632 1306
1747831892149 0.3092198371887207 1307
1747831892725 0.13875773549079895 1308
1747831895287 0.17768047749996185 1309
1747831897470 0.14683538675308228 1310
1747831897861 0.12159040570259094 1311
1747831899968 0.26862257719039917 1312
1747831901920 0.2768167555332184 1313
1747831902302 0.1366841197013855 1314
1747831902700 0.11313394457101822 1315
1747831904698 0.16606348752975464 1316
1747831905075 0.2337416261434555 1317
1747831907207 0.25267666578292847 1318
1747831907593 0.12244759500026703 1319
1747831907953 0.2557241916656494 1320
1747831923238 0.14379152655601501 1321
1747831924003 0.11018294841051102 1322
1747831926399 0.1305120885372162 1323
1747831926792 0.127408966422081 1324
1747831927191 0.09522350132465363 1325
1747831927582 0.25241100788116455 1326
1747831928421 0.1072482317686081 1327
1747831929264 0.11530202627182007 1328
1747831929920 0.19882319867610931 1329
1747831932442 0.15770475566387177 1330
1747831932831 0.1176331639289856 1331
1747831934975 0.3022422790527344 1332
1747831936842 0.13666406273841858 1333
1747831937224 0.11765797436237335 1334
1747831939330 0.13634295761585236 1335
1747831941208 0.13573205471038818 1336
1747831941585 0.16589473187923431 1337
1747831943635 0.18748164176940918 1338
1747831945593 0.09701508283615112 1339
1747831945974 0.09222515672445297 1340
1747831947991 0.17056581377983093 1341
1747831948383 0.1329837143421173 1342
1747831948757 0.17712000012397766 1343
1747831949204 0.09512553364038467 1344
1747831949959 0.20197872817516327 1345
1747831952583 0.1173229068517685 1346
1747831954470 0.13685183227062225 1347
1747831954874 0.1256921887397766 1348
1747831956508 0.14914681017398834 1349
1747831956884 0.24777251482009888 1350
1747831972715 0.1858011782169342 1351
1747831973522 0.12265004217624664 1352
1747831974194 0.16238225996494293 1353
1747831975061 0.11612774431705475 1354
1747831977657 0.1114041730761528 1355
1747831978035 0.09189105033874512 1356
1747831980104 0.22572696208953857 1357
1747831980491 0.0830213725566864 1358
1747831980869 0.14771988987922668 1359
1747831983755 0.12842361629009247 1360
1747831984142 0.3476962447166443 1361
1747831986265 0.17069779336452484 1362
1747831986645 0.12392310798168182 1363
1747831988725 0.11709201335906982 1364
1747831989115 0.1852184534072876 1365
1747831989503 0.1441982090473175 1366
1747831989900 0.1019204780459404 1367
1747831990665 0.11850230395793915 1368
1747831991366 0.12412211298942566 1369
1747831992220 0.15267300605773926 1370
1747831994927 0.15299031138420105 1371
1747831996702 0.14237213134765625 1372
1747831997088 0.17172357439994812 1373
1747831999432 0.11506044119596481 1374
1747831999819 0.10105578601360321 1375
1747832000204 0.12350297719240189 1376
1747832000693 0.31139233708381653 1377
1747832001437 0.11736314743757248 1378
1747832002289 0.12639620900154114 1379
1747832004171 0.12338612973690033 1380
1747832019583 0.1823572814464569 1381
1747832020466 0.12103428691625595 1382
1747832021183 0.15797224640846252 1383
1747832022009 0.08775072544813156 1384
1747832022867 0.12064100056886673 1385
1747832026062 0.08909743279218674 1386
1747832027858 0.09909886121749878 1387
1747832029679 0.15383553504943848 1388
1747832031619 0.14148202538490295 1389
1747832033405 0.1204276755452156 1390
1747832035391 0.10834580659866333 1391
1747832037200 0.30990561842918396 1392
1747832038996 0.10939152538776398 1393
1747832039382 0.11556722968816757 1394
1747832041740 0.12891724705696106 1395
1747832043511 0.13392846286296844 1396
1747832045196 0.11881843209266663 1397
1747832045595 0.10200872272253036 1398
1747832047716 0.22868724167346954 1399
1747832048104 0.11305997520685196 1400
1747832050162 0.19776268303394318 1401
1747832052187 0.13457690179347992 1402
1747832054032 0.09939879179000854 1403
1747832055895 0.13216730952262878 1404
1747832056283 0.21339410543441772 1405
1747832058382 0.09208934009075165 1406
1747832060429 0.2457650899887085 1407
1747832060798 0.09032454341650009 1408
1747832062450 0.18742111325263977 1409
1747832062829 0.11261089146137238 1410
1747832078531 0.13490086793899536 1411
1747832081320 0.12104232609272003 1412
1747832083234 0.1411006897687912 1413
1747832085212 0.15461252629756927 1414
1747832085600 0.2710280120372772 1415
1747832085991 0.15254658460617065 1416
1747832088157 0.08825752139091492 1417
1747832088546 0.17343345284461975 1418
1747832088925 0.16208326816558838 1419
1747832089496 0.08566878736019135 1420
1747832090158 0.11473283916711807 1421
1747832092657 0.11250251531600952 1422
1747832093063 0.1603947877883911 1423
1747832095036 0.09359569847583771 1424
1747832095431 0.12979747354984283 1425
1747832097385 0.1118336170911789 1426
1747832099232 0.11110401153564453 1427
1747832100902 0.12006928026676178 1428
1747832101288 0.10026413947343826 1429
1747832101670 0.11774493753910065 1430
1747832104006 0.10265699028968811 1431
1747832106075 0.12368111312389374 1432
1747832108058 0.17341125011444092 1433
1747832108446 0.08827410638332367 1434
1747832108844 0.2958528697490692 1435
1747832111504 0.12901215255260468 1436
1747832113304 0.16581198573112488 1437
1747832115035 0.08580195158720016 1438
1747832115419 0.09068827331066132 1439
1747832115784 0.06624428927898407 1440
1747832134305 0.13615421950817108 1441
1747832136032 0.09571568667888641 1442
1747832136439 0.1811443269252777 1443
1747832136821 0.18622055649757385 1444
1747832139700 0.16866523027420044 1445
1747832141422 0.11038181185722351 1446
1747832141816 0.17621611058712006 1447
1747832142230 0.1548265516757965 1448
1747832142860 0.10273584723472595 1449
1747832143562 0.1060151606798172 1450
1747832144229 0.1704784780740738 1451
1747832146907 0.11487618088722229 1452
1747832148836 0.09602968394756317 1453
1747832149224 0.08837561309337616 1454
1747832149612 0.06654417514801025 1455
1747832150017 0.11034394800662994 1456
1747832150674 0.10191264748573303 1457
1747832151365 0.1473827064037323 1458
1747832154096 0.22830680012702942 1459
1747832154481 0.08963397145271301 1460
1747832154886 0.12306883931159973 1461
1747832157513 0.09062741696834564 1462
1747832157909 0.1240680068731308 1463
1747832158309 0.1101142168045044 1464
1747832160486 0.10022269189357758 1465
1747832160911 0.07703827321529388 1466
1747832161293 0.22247564792633057 1467
1747832161667 0.16751635074615479 1468
1747832162335 0.15203557908535004 1469
1747832163200 0.19172728061676025 1470
1747832180638 0.0723416805267334 1471
1747832182570 0.1640673279762268 1472
1747832184565 0.09027601778507233 1473
1747832186449 0.22803860902786255 1474
1747832188235 0.28246742486953735 1475
1747832188627 0.17055760324001312 1476
1747832190648 0.31195059418678284 1477
1747832191062 0.12602277100086212 1478
1747832193248 0.12814727425575256 1479
1747832193619 0.11002373695373535 1480
1747832194019 0.16880804300308228 1481
1747832194444 0.11312736570835114 1482
1747832197409 0.1394766867160797 1483
1747832199200 0.09965454787015915 1484
1747832199587 0.10269683599472046 1485
1747832201498 0.11915669590234756 1486
1747832203236 0.1513739675283432 1487
1747832204950 0.09373535215854645 1488
1747832205344 0.16793391108512878 1489
1747832207420 0.12661230564117432 1490
1747832207806 0.10525663942098618 1491
1747832208208 0.08883988857269287 1492
1747832208659 0.20349550247192383 1493
1747832211839 0.09146818518638611 1494
1747832213896 0.0951983630657196 1495
1747832215686 0.14489230513572693 1496
1747832217359 0.17971761524677277 1497
1747832217727 0.1305253505706787 1498
1747832218096 0.15862050652503967 1499
1747832218482 0.1354084312915802 1500
