1747829701096 0.0001 1
1747829703075 0.0001 2
1747829704716 0.0001 3
1747829706567 0.0001 4
1747829708332 0.0001 5
1747829708717 0.0001 6
1747829709111 0.0001 7
1747829709489 0.0001 8
1747829710102 0.0001 9
1747829710963 0.0001 10
1747829713782 0.0001 11
1747829715669 0.0001 12
1747829716051 0.0001 13
1747829718208 0.0001 14
1747829718601 0.0001 15
1747829718987 0.0001 16
1747829721298 0.0001 17
1747829723193 0.0001 18
1747829725094 0.0001 19
1747829725474 0.0001 20
1747829725868 0.0001 21
1747829726330 0.0001 22
1747829729127 0.0001 23
1747829729491 0.0001 24
1747829729893 0.0001 25
1747829732752 0.0001 26
1747829733129 0.0001 27
1747829735241 0.0001 28
1747829735598 0.0001 29
1747829735958 0.0001 30
1747829754411 0.0001 31
1747829754818 0.0001 32
1747829755206 0.0001 33
1747829757546 0.0001 34
1747829757928 0.0001 35
1747829759896 0.0001 36
1747829760278 0.0001 37
1747829760676 0.0001 38
1747829763205 0.0001 39
1747829763586 0.0001 40
1747829765936 0.0001 41
1747829766336 0.0001 42
1747829768884 0.0001 43
1747829769293 0.0001 44
1747829771204 0.0001 45
1747829773243 0.0001 46
1747829773627 0.0001 47
1747829774032 0.0001 48
1747829774522 0.0001 49
1747829775274 0.0001 50
1747829778017 0.0001 51
1747829779855 0.0001 52
1747829782206 0.0001 53
1747829784094 0.0001 54
1747829785817 0.0001 55
1747829787765 0.0001 56
1747829789720 0.0001 57
1747829791473 0.0001 58
1747829793005 0.0001 59
1747829794480 0.0001 60
1747829811623 0.0001 61
1747829812046 0.0001 62
1747829812417 0.0001 63
1747829812899 0.0001 64
1747829813785 0.0001 65
1747829816267 0.0001 66
1747829818361 0.0001 67
1747829818753 0.0001 68
1747829820720 0.0001 69
1747829821093 0.0001 70
1747829821473 0.0001 71
1747829821876 0.0001 72
1747829822638 0.0001 73
1747829825111 0.0001 74
1747829826892 0.0001 75
1747829827277 0.0001 76
1747829829304 0.0001 77
1747829831227 0.0001 78
1747829831608 0.0001 79
1747829833694 0.0001 80
1747829835721 0.0001 81
1747829836096 0.0001 82
1747829836480 0.0001 83
1747829836884 0.0001 84
1747829839435 0.0001 85
1747829839842 0.0001 86
1747829840214 0.0001 87
1747829840614 0.0001 88
1747829841211 0.0001 89
1747829842046 0.0001 90
1747829857211 0.0001 91
1747829858025 0.0001 92
1747829860632 0.0001 93
1747829861005 0.0001 94
1747829861405 0.0001 95
1747829861783 0.0001 96
1747829862380 0.0001 97
1747829863150 0.0001 98
1747829863939 0.0001 99
1747829864724 0.0001 100
1747829867766 0.0001 101
1747829869494 0.0001 102
1747829871419 0.0001 103
1747829871788 0.0001 104
1747829872179 0.0001 105
1747829874975 0.0001 106
1747829876720 0.0001 107
1747829878646 0.0001 108
1747829879028 0.0001 109
1747829879426 0.0001 110
1747829881971 0.0001 111
1747829882360 0.0001 112
1747829884412 0.0001 113
1747829884794 0.0001 114
1747829885181 0.0001 115
1747829887960 0.0001 116
1747829888343 0.0001 117
1747829888725 0.0001 118
1747829890584 0.0001 119
1747829890936 0.0001 120
1747829906672 0.0001 121
1747829909552 0.0001 122
1747829909929 0.0001 123
1747829910318 0.0001 124
1747829910693 0.0001 125
1747829911260 0.0001 126
1747829912070 0.0001 127
1747829914747 0.0001 128
1747829915142 0.0001 129
1747829917097 0.0001 130
1747829918922 0.0001 131
1747829920979 0.0001 132
1747829921345 0.0001 133
1747829921737 0.0001 134
1747829924626 0.0001 135
1747829925026 0.0001 136
1747829925442 0.0001 137
1747829925915 0.0001 138
1747829926531 0.0001 139
1747829929131 0.0001 140
1747829930850 0.0001 141
1747829931237 0.0001 142
1747829933224 0.0001 143
1747829933616 0.0001 144
1747829934005 0.0001 145
1747829936467 0.0001 146
1747829936856 0.0001 147
1747829937240 0.0001 148
1747829937627 0.0001 149
1747829939340 0.0001 150
1747829956351 0.0001 151
1747829957002 0.0001 152
1747829957716 0.0001 153
1747829958530 0.0001 154
1747829961370 0.0001 155
1747829961739 0.0001 156
1747829962146 0.0001 157
1747829962615 0.0001 158
1747829965362 0.0001 159
1747829965736 0.0001 160
1747829967784 0.0001 161
1747829968161 0.0001 162
1747829968561 0.0001 163
1747829970849 0.0001 164
1747829971236 0.0001 165
1747829971620 0.0001 166
1747829972052 0.0001 167
1747829972861 0.0001 168
1747829973521 0.0001 169
1747829976691 0.0001 170
1747829978653 0.0001 171
1747829980799 0.0001 172
1747829982641 0.0001 173
1747829984474 0.0001 174
1747829984847 0.0001 175
1747829987024 0.0001 176
1747829987411 0.0001 177
1747829989732 0.0001 178
1747829991231 0.0001 179
1747829991599 0.0001 180
1747830006448 0.0001 181
1747830007098 0.0001 182
1747830009711 0.0001 183
1747830010112 0.0001 184
1747830012037 0.0001 185
1747830014097 0.0001 186
1747830016135 0.0001 187
1747830016532 0.0001 188
1747830018508 0.0001 189
1747830018885 0.0001 190
1747830019287 0.0001 191
1747830019655 0.0001 192
1747830020371 0.0001 193
1747830023217 0.0001 194
1747830023616 0.0001 195
1747830025824 0.0001 196
1747830026211 0.0001 197
1747830026597 0.0001 198
1747830027012 0.0001 199
1747830027719 0.0001 200
1747830030680 0.0001 201
1747830031051 0.0001 202
1747830031457 0.0001 203
1747830031849 0.0001 204
1747830034179 0.0001 205
1747830034556 0.0001 206
1747830034942 0.0001 207
1747830035314 0.0001 208
1747830035935 0.0001 209
1747830037663 0.0001 210
1747830055414 0.0001 211
1747830057457 0.0001 212
1747830057835 0.0001 213
1747830058235 0.0001 214
1747830058620 0.0001 215
1747830061525 0.0001 216
1747830061929 0.0001 217
1747830062328 0.0001 218
1747830065101 0.0001 219
1747830065493 0.0001 220
1747830067598 0.0001 221
1747830067981 0.0001 222
1747830070162 0.0001 223
1747830070563 0.0001 224
1747830070973 0.0001 225
1747830073249 0.0001 226
1747830073625 0.0001 227
1747830074000 0.0001 228
1747830074426 0.0001 229
1747830077718 0.0001 230
1747830078100 0.0001 231
1747830078492 0.0001 232
1747830081136 0.0001 233
1747830081521 0.0001 234
1747830081929 0.0001 235
1747830084483 0.0001 236
1747830084890 0.0001 237
1747830085268 0.0001 238
1747830087546 0.0001 239
1747830087915 0.0001 240
1747830102720 0.0001 241
1747830103553 0.0001 242
1747830106018 0.0001 243
1747830106411 0.0001 244
1747830106806 0.0001 245
1747830109435 0.0001 246
1747830109815 0.0001 247
1747830112102 0.0001 248
1747830112488 0.0001 249
1747830114914 0.0001 250
1747830116699 0.0001 251
1747830117093 0.0001 252
1747830117463 0.0001 253
1747830117944 0.0001 254
1747830118634 0.0001 255
1747830121050 0.0001 256
1747830121448 0.0001 257
1747830121830 0.0001 258
1747830122204 0.0001 259
1747830122949 0.0001 260
1747830123576 0.0001 261
1747830124437 0.0001 262
1747830126919 0.0001 263
1747830129063 0.0001 264
1747830130928 0.0001 265
1747830131298 0.0001 266
1747830131692 0.0001 267
1747830134261 0.0001 268
1747830134629 0.0001 269
1747830134999 0.0001 270
1747830150490 0.0001 271
1747830153500 0.0001 272
1747830153884 0.0001 273
1747830154277 0.0001 274
1747830157098 0.0001 275
1747830158915 0.0001 276
1747830159297 0.0001 277
1747830159694 0.0001 278
1747830160076 0.0001 279
1747830160861 0.0001 280
1747830161744 0.0001 281
1747830162616 0.0001 282
1747830165483 0.0001 283
1747830165893 0.0001 284
1747830168119 0.0001 285
1747830169934 0.0001 286
1747830171815 0.0001 287
1747830172206 0.0001 288
1747830172603 0.0001 289
1747830172972 0.0001 290
1747830173790 0.0001 291
1747830176858 0.0001 292
1747830178923 0.0001 293
1747830179319 0.0001 294
1747830179709 0.0001 295
1747830180088 0.0001 296
1747830183048 0.0001 297
1747830185074 0.0001 298
1747830185436 0.0001 299
1747830185798 0.0001 300
1747830204176 0.0001 301
1747830206167 0.0001 302
1747830208082 0.0001 303
1747830208461 0.0001 304
1747830208849 0.0001 305
1747830209236 0.0001 306
1747830210200 0.0001 307
1747830211103 0.0001 308
1747830211869 0.0001 309
1747830212617 0.0001 310
1747830215404 0.0001 311
1747830215795 0.0001 312
1747830218170 0.0001 313
1747830218550 0.0001 314
1747830218928 0.0001 315
1747830221567 0.0001 316
1747830223551 0.0001 317
1747830223932 0.0001 318
1747830224351 0.0001 319
1747830224846 0.0001 320
1747830227817 0.0001 321
1747830229688 0.0001 322
1747830230070 0.0001 323
1747830230470 0.0001 324
1747830230861 0.0001 325
1747830231792 0.0001 326
1747830232531 0.0001 327
1747830234990 0.0001 328
1747830236502 0.0001 329
1747830237912 0.0001 330
1747830255776 0.0001 331
1747830257822 0.0001 332
1747830258202 0.0001 333
1747830258597 0.0001 334
1747830259071 0.0001 335
1747830259773 0.0001 336
1747830262386 0.0001 337
1747830262781 0.0001 338
1747830265015 0.0001 339
1747830265384 0.0001 340
1747830267319 0.0001 341
1747830267706 0.0001 342
1747830269732 0.0001 343
1747830270099 0.0001 344
1747830270464 0.0001 345
1747830270975 0.0001 346
1747830273988 0.0001 347
1747830274372 0.0001 348
1747830276307 0.0001 349
1747830276697 0.0001 350
1747830277080 0.0001 351
1747830279991 0.0001 352
1747830281935 0.0001 353
1747830283876 0.0001 354
1747830285878 0.0001 355
1747830286270 0.0001 356
1747830288653 0.0001 357
1747830289035 0.0001 358
1747830289456 0.0001 359
1747830291118 0.0001 360
1747830306638 0.0001 361
1747830309453 0.0001 362
1747830311557 0.0001 363
1747830313618 0.0001 364
1747830313996 0.0001 365
1747830314380 0.0001 366
1747830317396 0.0001 367
1747830317771 0.0001 368
1747830319901 0.0001 369
1747830320292 0.0001 370
1747830322809 0.0001 371
1747830323186 0.0001 372
1747830325178 0.0001 373
1747830325573 0.0001 374
1747830328011 0.0001 375
1747830328398 0.0001 376
1747830328802 0.0001 377
1747830329173 0.0001 378
1747830332159 0.0001 379
1747830332583 0.0001 380
1747830333005 0.0001 381
1747830333379 0.0001 382
1747830334230 0.0001 383
1747830334950 0.0001 384
1747830337903 0.0001 385
1747830338295 0.0001 386
1747830338700 0.0001 387
1747830339070 0.0001 388
1747830339722 0.0001 389
1747830340619 0.0001 390
1747830357802 0.0001 391
1747830358187 0.0001 392
1747830358565 0.0001 393
1747830361414 0.0001 394
1747830361792 0.0001 395
1747830362172 0.0001 396
1747830362713 0.0001 397
1747830365392 0.0001 398
1747830365778 0.0001 399
1747830367812 0.0001 400
1747830368212 0.0001 401
1747830368602 0.0001 402
1747830369079 0.0001 403
1747830369782 0.0001 404
1747830370573 0.0001 405
1747830373399 0.0001 406
1747830375096 0.0001 407
1747830375490 0.0001 408
1747830375873 0.0001 409
1747830376276 0.0001 410
1747830379042 0.0001 411
1747830379442 0.0001 412
1747830379841 0.0001 413
1747830382640 0.0001 414
1747830383008 0.0001 415
1747830383402 0.0001 416
1747830385930 0.0001 417
1747830386312 0.0001 418
1747830387880 0.0001 419
1747830389388 0.0001 420
1747830406502 0.0001 421
1747830408458 0.0001 422
1747830408847 0.0001 423
1747830409250 0.0001 424
1747830409673 0.0001 425
1747830412422 0.0001 426
1747830412815 0.0001 427
1747830414917 0.0001 428
1747830416900 0.0001 429
1747830419087 0.0001 430
1747830419471 0.0001 431
1747830421638 0.0001 432
1747830422018 0.0001 433
1747830422424 0.0001 434
1747830425216 0.0001 435
1747830427046 0.0001 436
1747830427424 0.0001 437
1747830427827 0.0001 438
1747830430187 0.0001 439
1747830432266 0.0001 440
1747830432635 0.0001 441
1747830433051 0.0001 442
1747830433421 0.0001 443
1747830436400 0.0001 444
1747830436787 0.0001 445
1747830438910 0.0001 446
1747830439291 0.0001 447
1747830441508 0.0001 448
1747830443029 0.0001 449
1747830443384 0.0001 450
1747830460295 0.0001 451
1747830460703 0.0001 452
1747830462688 0.0001 453
1747830464385 0.0001 454
1747830464772 0.0001 455
1747830465173 0.0001 456
1747830465580 0.0001 457
1747830468132 0.0001 458
1747830470074 0.0001 459
1747830470469 0.0001 460
1747830470870 0.0001 461
1747830473477 0.0001 462
1747830473876 0.0001 463
1747830475980 0.0001 464
1747830476369 0.0001 465
1747830476755 0.0001 466
1747830477374 0.0001 467
1747830480104 0.0001 468
1747830480506 0.0001 469
1747830480881 0.0001 470
1747830481266 0.0001 471
1747830484189 0.0001 472
1747830484590 0.0001 473
1747830486594 0.0001 474
1747830488473 0.0001 475
1747830488857 0.0001 476
1747830490989 0.0001 477
1747830491383 0.0001 478
1747830492982 0.0001 479
1747830493358 0.0001 480
1747830509189 0.0001 481
1747830511936 0.0001 482
1747830512327 0.0001 483
1747830514546 0.0001 484
1747830514939 0.0001 485
1747830515334 0.0001 486
1747830518091 0.0001 487
1747830518486 0.0001 488
1747830518867 0.0001 489
1747830519392 0.0001 490
1747830522198 0.0001 491
1747830524058 0.0001 492
1747830526054 0.0001 493
1747830526446 0.0001 494
1747830528547 0.0001 495
1747830530271 0.0001 496
1747830530669 0.0001 497
1747830531039 0.0001 498
1747830531456 0.0001 499
1747830532342 0.0001 500
1747830533156 0.0001 501
1747830533848 0.0001 502
1747830534631 0.0001 503
1747830535491 0.0001 504
1747830536216 0.0001 505
1747830536866 0.0001 506
1747830537639 0.0001 507
1747830538336 0.0001 508
1747830540689 0.0001 509
1747830542277 0.0001 510
1747830560584 0.0001 511
1747830562545 0.0001 512
1747830562936 0.0001 513
1747830563333 0.0001 514
1747830563803 0.0001 515
1747830566243 0.0001 516
1747830566634 0.0001 517
1747830567041 0.0001 518
1747830567561 0.0001 519
1747830568453 0.0001 520
1747830569256 0.0001 521
1747830569905 0.0001 522
1747830570523 0.0001 523
1747830571197 0.0001 524
1747830573704 0.0001 525
1747830574074 0.0001 526
1747830576281 0.0001 527
1747830576677 0.0001 528
1747830578931 0.0001 529
1747830580816 0.0001 530
1747830582678 0.0001 531
1747830583061 0.0001 532
1747830583461 0.0001 533
1747830583852 0.0001 534
1747830586346 0.0001 535
1747830586722 0.0001 536
1747830587126 0.0001 537
1747830589925 0.0001 538
1747830590276 0.0001 539
1747830590637 0.0001 540
1747830608157 0.0001 541
1747830609917 0.0001 542
1747830610324 0.0001 543
1747830610695 0.0001 544
1747830613183 0.0001 545
1747830613595 0.0001 546
1747830613969 0.0001 547
1747830614480 0.0001 548
1747830615141 0.0001 549
1747830616022 0.0001 550
1747830618740 0.0001 551
1747830619110 0.0001 552
1747830619529 0.0001 553
1747830619934 0.0001 554
1747830620747 0.0001 555
1747830621447 0.0001 556
1747830622286 0.0001 557
1747830624842 0.0001 558
1747830627005 0.0001 559
1747830627394 0.0001 560
1747830629523 0.0001 561
1747830631537 0.0001 562
1747830633485 0.0001 563
1747830633869 0.0001 564
1747830634247 0.0001 565
1747830634651 0.0001 566
1747830637756 0.0001 567
1747830638141 0.0001 568
1747830638526 0.0001 569
1747830638902 0.0001 570
1747830654098 0.0001 571
1747830656769 0.0001 572
1747830657151 0.0001 573
1747830657562 0.0001 574
1747830658023 0.0001 575
1747830660928 0.0001 576
1747830661343 0.0001 577
1747830661739 0.0001 578
1747830662307 0.0001 579
1747830663081 0.0001 580
1747830663981 0.0001 581
1747830666934 0.0001 582
1747830667330 0.0001 583
1747830667717 0.0001 584
1747830668124 0.0001 585
1747830671140 0.0001 586
1747830671541 0.0001 587
1747830673795 0.0001 588
1747830675822 0.0001 589
1747830676200 0.0001 590
1747830676611 0.0001 591
1747830677085 0.0001 592
1747830677771 0.0001 593
1747830678406 0.0001 594
1747830681356 0.0001 595
1747830681751 0.0001 596
1747830683912 0.0001 597
1747830684289 0.0001 598
1747830684685 0.0001 599
1747830686269 0.0001 600
1747830702002 0.0001 601
1747830702860 0.0001 602
1747830705714 0.0001 603
1747830706092 0.0001 604
1747830706491 0.0001 605
1747830706883 0.0001 606
1747830709635 0.0001 607
1747830711518 0.0001 608
1747830711913 0.0001 609
1747830712309 0.0001 610
1747830715053 0.0001 611
1747830716757 0.0001 612
1747830718551 0.0001 613
1747830720288 0.0001 614
1747830722163 0.0001 615
1747830722558 0.0001 616
1747830722952 0.0001 617
1747830723328 0.0001 618
1747830725916 0.0001 619
1747830726332 0.0001 620
1747830726721 0.0001 621
1747830727127 0.0001 622
1747830727695 0.0001 623
1747830730664 0.0001 624
1747830731065 0.0001 625
1747830731463 0.0001 626
1747830734070 0.0001 627
1747830734463 0.0001 628
1747830734858 0.0001 629
1747830735308 0.0001 630
1747830750819 0.0001 631
1747830751470 0.0001 632
1747830752309 0.0001 633
1747830753085 0.0001 634
1747830755625 0.0001 635
1747830756003 0.0001 636
1747830757963 0.0001 637
1747830759677 0.0001 638
1747830760052 0.0001 639
1747830760463 0.0001 640
1747830763301 0.0001 641
1747830765266 0.0001 642
1747830765669 0.0001 643
1747830766058 0.0001 644
1747830766633 0.0001 645
1747830769005 0.0001 646
1747830769397 0.0001 647
1747830771582 0.0001 648
1747830773305 0.0001 649
1747830775309 0.0001 650
1747830777524 0.0001 651
1747830779266 0.0001 652
1747830779651 0.0001 653
1747830781754 0.0001 654
1747830782127 0.0001 655
1747830782505 0.0001 656
1747830783047 0.0001 657
1747830783831 0.0001 658
1747830784507 0.0001 659
1747830785289 0.0001 660
1747830801026 0.0001 661
1747830801650 0.0001 662
1747830804512 0.0001 663
1747830806206 0.0001 664
1747830808095 0.0001 665
1747830810595 0.0001 666
1747830812625 0.0001 667
1747830813019 0.0001 668
1747830813429 0.0001 669
1747830813899 0.0001 670
1747830814655 0.0001 671
1747830815520 0.0001 672
1747830816144 0.0001 673
1747830816886 0.0001 674
1747830817723 0.0001 675
1747830820891 0.0001 676
1747830822761 0.0001 677
1747830823156 0.0001 678
1747830823534 0.0001 679
1747830826088 0.0001 680
1747830827962 0.0001 681
1747830828365 0.0001 682
1747830828744 0.0001 683
1747830829147 0.0001 684
1747830829762 0.0001 685
1747830830436 0.0001 686
1747830831203 0.0001 687
1747830831850 0.0001 688
1747830833988 0.0001 689
1747830835612 0.0001 690
1747830852859 0.0001 691
1747830853259 0.0001 692
1747830855698 0.0001 693
1747830856084 0.0001 694
1747830856483 0.0001 695
1747830859044 0.0001 696
1747830859441 0.0001 697
1747830861618 0.0001 698
1747830862006 0.0001 699
1747830862397 0.0001 700
1747830862799 0.0001 701
1747830863499 0.0001 702
1747830864188 0.0001 703
1747830867065 0.0001 704
1747830868872 0.0001 705
1747830869253 0.0001 706
1747830869648 0.0001 707
1747830872466 0.0001 708
1747830874482 0.0001 709
1747830876304 0.0001 710
1747830876691 0.0001 711
1747830877094 0.0001 712
1747830879982 0.0001 713
1747830880373 0.0001 714
1747830880777 0.0001 715
1747830881184 0.0001 716
1747830883970 0.0001 717
1747830885737 0.0001 718
1747830886112 0.0001 719
1747830886482 0.0001 720
1747830903945 0.0001 721
1747830906078 0.0001 722
1747830906463 0.0001 723
1747830906866 0.0001 724
1747830908880 0.0001 725
1747830909259 0.0001 726
1747830909632 0.0001 727
1747830910192 0.0001 728
1747830911103 0.0001 729
1747830911788 0.0001 730
1747830914604 0.0001 731
1747830915009 0.0001 732
1747830915394 0.0001 733
1747830918280 0.0001 734
1747830918671 0.0001 735
1747830919076 0.0001 736
1747830921820 0.0001 737
1747830922211 0.0001 738
1747830922594 0.0001 739
1747830923155 0.0001 740
1747830926075 0.0001 741
1747830928114 0.0001 742
1747830930107 0.0001 743
1747830931992 0.0001 744
1747830932388 0.0001 745
1747830932768 0.0001 746
1747830933155 0.0001 747
1747830933929 0.0001 748
1747830934710 0.0001 749
1747830936633 0.0001 750
1747830952187 0.0001 751
1747830954756 0.0001 752
1747830955164 0.0001 753
1747830955566 0.0001 754
1747830958608 0.0001 755
1747830959017 0.0001 756
1747830959396 0.0001 757
1747830962255 0.0001 758
1747830962646 0.0001 759
1747830963047 0.0001 760
1747830963415 0.0001 761
1747830964217 0.0001 762
1747830965209 0.0001 763
1747830965994 0.0001 764
1747830966960 0.0001 765
1747830970240 0.0001 766
1747830970637 0.0001 767
1747830972743 0.0001 768
1747830973147 0.0001 769
1747830973524 0.0001 770
1747830974090 0.0001 771
1747830974945 0.0001 772
1747830975926 0.0001 773
1747830978964 0.0001 774
1747830979350 0.0001 775
1747830981445 0.0001 776
1747830981837 0.0001 777
1747830982232 0.0001 778
1747830982705 0.0001 779
1747830983419 0.0001 780
1747830998596 0.0001 781
1747831001169 0.0001 782
1747831003088 0.0001 783
1747831004895 0.0001 784
1747831006779 0.0001 785
1747831008795 0.0001 786
1747831009179 0.0001 787
1747831009594 0.0001 788
1747831010058 0.0001 789
1747831012982 0.0001 790
1747831013362 0.0001 791
1747831013736 0.0001 792
1747831014124 0.0001 793
1747831016747 0.0001 794
1747831017153 0.0001 795
1747831017544 0.0001 796
1747831017960 0.0001 797
1747831020579 0.0001 798
1747831022295 0.0001 799
1747831024380 0.0001 800
1747831024764 0.0001 801
1747831025160 0.0001 802
1747831027452 0.0001 803
1747831029195 0.0001 804
1747831029576 0.0001 805
1747831029977 0.0001 806
1747831030444 0.0001 807
1747831031260 0.0001 808
1747831033405 0.0001 809
1747831033776 0.0001 810
1747831050827 0.0001 811
1747831053157 0.0001 812
1747831055231 0.0001 813
1747831057351 0.0001 814
1747831058981 0.0001 815
1747831059365 0.0001 816
1747831059777 0.0001 817
1747831060149 0.0001 818
1747831060940 0.0001 819
1747831061592 0.0001 820
1747831064093 0.0001 821
1747831066061 0.0001 822
1747831066450 0.0001 823
1747831068497 0.0001 824
1747831068880 0.0001 825
1747831069268 0.0001 826
1747831069643 0.0001 827
1747831070288 0.0001 828
1747831071012 0.0001 829
1747831071715 0.0001 830
1747831072422 0.0001 831
1747831074905 0.0001 832
1747831076688 0.0001 833
1747831078561 0.0001 834
1747831080576 0.0001 835
1747831080964 0.0001 836
1747831083166 0.0001 837
1747831083564 0.0001 838
1747831083956 0.0001 839
1747831084500 0.0001 840
1747831100348 0.0001 841
1747831103424 0.0001 842
1747831103821 0.0001 843
1747831106222 0.0001 844
1747831108157 0.0001 845
1747831108547 0.0001 846
1747831108945 0.0001 847
1747831111305 0.0001 848
1747831111700 0.0001 849
1747831112104 0.0001 850
1747831112641 0.0001 851
1747831115616 0.0001 852
1747831116010 0.0001 853
1747831116402 0.0001 854
1747831116910 0.0001 855
1747831117610 0.0001 856
1747831120618 0.0001 857
1747831120998 0.0001 858
1747831121397 0.0001 859
1747831121785 0.0001 860
1747831124599 0.0001 861
1747831124995 0.0001 862
1747831127099 0.0001 863
1747831127502 0.0001 864
1747831129465 0.0001 865
1747831129872 0.0001 866
1747831130266 0.0001 867
1747831133000 0.0001 868
1747831133370 0.0001 869
1747831133734 0.0001 870
1747831152328 0.0001 871
1747831154196 0.0001 872
1747831154594 0.0001 873
1747831156548 0.0001 874
1747831156947 0.0001 875
1747831157328 0.0001 876
1747831157798 0.0001 877
1747831158757 0.0001 878
1747831162204 0.0001 879
1747831163948 0.0001 880
1747831164347 0.0001 881
1747831164723 0.0001 882
1747831165124 0.0001 883
1747831168198 0.0001 884
1747831170148 0.0001 885
1747831170533 0.0001 886
1747831170916 0.0001 887
1747831171298 0.0001 888
1747831171936 0.0001 889
1747831175008 0.0001 890
1747831175400 0.0001 891
1747831175796 0.0001 892
1747831176324 0.0001 893
1747831179377 0.0001 894
1747831181180 0.0001 895
1747831183042 0.0001 896
1747831183441 0.0001 897
1747831183850 0.0001 898
1747831184361 0.0001 899
1747831186398 0.0001 900
1747831203762 0.0001 901
1747831205931 0.0001 902
1747831206317 0.0001 903
1747831208888 0.0001 904
1747831209281 0.0001 905
1747831211410 0.0001 906
1747831213359 0.0001 907
1747831213754 0.0001 908
1747831214116 0.0001 909
1747831216473 0.0001 910
1747831218442 0.0001 911
1747831218837 0.0001 912
1747831221264 0.0001 913
1747831221659 0.0001 914
1747831222066 0.0001 915
1747831224369 0.0001 916
1747831224775 0.0001 917
1747831225179 0.0001 918
1747831227677 0.0001 919
1747831228049 0.0001 920
1747831230364 0.0001 921
1747831230760 0.0001 922
1747831233088 0.0001 923
1747831233484 0.0001 924
1747831236106 0.0001 925
1747831236498 0.0001 926
1747831236894 0.0001 927
1747831237557 0.0001 928
1747831238510 0.0001 929
1747831239222 0.0001 930
1747831255196 0.0001 931
1747831258556 0.0001 932
1747831258936 0.0001 933
1747831260943 0.0001 934
1747831262745 0.0001 935
1747831263133 0.0001 936
1747831265658 0.0001 937
1747831267672 0.0001 938
1747831269696 0.0001 939
1747831270088 0.0001 940
1747831270496 0.0001 941
1747831273257 0.0001 942
1747831273644 0.0001 943
1747831274012 0.0001 944
1747831274388 0.0001 945
1747831277526 0.0001 946
1747831277930 0.0001 947
1747831278315 0.0001 948
1747831278740 0.0001 949
1747831279470 0.0001 950
1747831282035 0.0001 951
1747831284008 0.0001 952
1747831284400 0.0001 953
1747831284781 0.0001 954
1747831285159 0.0001 955
1747831286122 0.0001 956
1747831287041 0.0001 957
1747831290153 0.0001 958
1747831291699 0.0001 959
1747831293168 0.0001 960
1747831308275 0.0001 961
1747831310771 0.0001 962
1747831312691 0.0001 963
1747831314339 0.0001 964
1747831314728 0.0001 965
1747831315093 0.0001 966
1747831317901 0.0001 967
1747831319857 0.0001 968
1747831321604 0.0001 969
1747831321997 0.0001 970
1747831322359 0.0001 971
1747831324937 0.0001 972
1747831326655 0.0001 973
1747831328819 0.0001 974
1747831330536 0.0001 975
1747831330928 0.0001 976
1747831331298 0.0001 977
1747831331808 0.0001 978
1747831334761 0.0001 979
1747831335138 0.0001 980
1747831335512 0.0001 981
1747831338129 0.0001 982
1747831338518 0.0001 983
1747831340760 0.0001 984
1747831341153 0.0001 985
1747831341557 0.0001 986
1747831341933 0.0001 987
1747831342554 0.0001 988
1747831343236 0.0001 989
1747831344064 0.0001 990
1747831361744 0.0001 991
1747831362128 0.0001 992
1747831364311 0.0001 993
1747831365961 0.0001 994
1747831367938 0.0001 995
1747831368326 0.0001 996
1747831368700 0.0001 997
1747831369076 0.0001 998
1747831369873 0.0001 999
1747831372475 0.0001 1000
1747831372890 0.0001 1001
1747831373278 0.0001 1002
1747831373882 0.0001 1003
1747831374542 0.0001 1004
1747831375230 0.0001 1005
1747831376086 0.0001 1006
1747831376832 0.0001 1007
1747831379728 0.0001 1008
1747831381532 0.0001 1009
1747831381945 0.0001 1010
1747831382330 0.0001 1011
1747831384640 0.0001 1012
1747831386360 0.0001 1013
1747831386749 0.0001 1014
1747831387138 0.0001 1015
1747831389656 0.0001 1016
1747831391502 0.0001 1017
1747831393463 0.0001 1018
1747831394812 0.0001 1019
1747831395178 0.0001 1020
1747831412416 0.0001 1021
1747831414415 0.0001 1022
1747831416539 0.0001 1023
1747831418393 0.0001 1024
1747831418797 0.0001 1025
1747831421478 0.0001 1026
1747831423534 0.0001 1027
1747831423919 0.0001 1028
1747831424320 0.0001 1029
1747831424697 0.0001 1030
1747831425442 0.0001 1031
1747831428517 0.0001 1032
1747831428906 0.0001 1033
1747831430835 0.0001 1034
1747831431219 0.0001 1035
1747831431616 0.0001 1036
1747831432119 0.0001 1037
1747831435342 0.0001 1038
1747831437130 0.0001 1039
1747831437526 0.0001 1040
1747831437905 0.0001 1041
1747831438289 0.0001 1042
1747831439074 0.0001 1043
1747831442126 0.0001 1044
1747831442517 0.0001 1045
1747831444723 0.0001 1046
1747831446824 0.0001 1047
1747831447214 0.0001 1048
1747831447609 0.0001 1049
1747831447972 0.0001 1050
1747831465644 0.0001 1051
1747831467355 0.0001 1052
1747831469386 0.0001 1053
1747831469774 0.0001 1054
1747831470165 0.0001 1055
1747831472590 0.0001 1056
1747831472986 0.0001 1057
1747831473396 0.0001 1058
1747831473876 0.0001 1059
1747831474688 0.0001 1060
1747831477365 0.0001 1061
1747831477744 0.0001 1062
1747831478160 0.0001 1063
1747831478541 0.0001 1064
1747831479204 0.0001 1065
1747831479878 0.0001 1066
1747831482811 0.0001 1067
1747831484872 0.0001 1068
1747831486630 0.0001 1069
1747831487024 0.0001 1070
1747831487409 0.0001 1071
1747831487793 0.0001 1072
1747831488614 0.0001 1073
1747831489335 0.0001 1074
1747831490009 0.0001 1075
1747831490727 0.0001 1076
1747831491573 0.0001 1077
1747831492259 0.0001 1078
1747831494858 0.0001 1079
1747831496134 0.0001 1080
1747831511523 0.0001 1081
1747831512201 0.0001 1082
1747831515011 0.0001 1083
1747831515415 0.0001 1084
1747831515801 0.0001 1085
1747831518086 0.0001 1086
1747831519881 0.0001 1087
1747831522009 0.0001 1088
1747831523965 0.0001 1089
1747831524344 0.0001 1090
1747831524730 0.0001 1091
1747831525250 0.0001 1092
1747831526154 0.0001 1093
1747831527005 0.0001 1094
1747831527863 0.0001 1095
1747831528690 0.0001 1096
1747831529549 0.0001 1097
1747831530234 0.0001 1098
1747831530977 0.0001 1099
1747831534277 0.0001 1100
1747831536160 0.0001 1101
1747831536552 0.0001 1102
1747831536938 0.0001 1103
1747831537500 0.0001 1104
1747831538343 0.0001 1105
1747831539182 0.0001 1106
1747831542068 0.0001 1107
1747831542463 0.0001 1108
1747831544011 0.0001 1109
1747831544383 0.0001 1110
1747831560875 0.0001 1111
1747831563726 0.0001 1112
1747831564116 0.0001 1113
1747831564501 0.0001 1114
1747831565000 0.0001 1115
1747831565692 0.0001 1116
1747831568380 0.0001 1117
1747831568787 0.0001 1118
1747831570847 0.0001 1119
1747831572689 0.0001 1120
1747831573083 0.0001 1121
1747831575193 0.0001 1122
1747831576890 0.0001 1123
1747831577270 0.0001 1124
1747831579652 0.0001 1125
1747831580032 0.0001 1126
1747831582455 0.0001 1127
1747831584380 0.0001 1128
1747831586431 0.0001 1129
1747831588223 0.0001 1130
1747831590082 0.0001 1131
1747831590469 0.0001 1132
1747831590872 0.0001 1133
1747831591243 0.0001 1134
1747831592000 0.0001 1135
1747831594879 0.0001 1136
1747831595251 0.0001 1137
1747831597869 0.0001 1138
1747831599112 0.0001 1139
1747831600530 0.0001 1140
1747831618668 0.0001 1141
1747831619063 0.0001 1142
1747831621198 0.0001 1143
1747831623253 0.0001 1144
1747831625143 0.0001 1145
1747831625545 0.0001 1146
1747831625937 0.0001 1147
1747831628671 0.0001 1148
1747831629077 0.0001 1149
1747831629473 0.0001 1150
1747831632048 0.0001 1151
1747831634037 0.0001 1152
1747831635758 0.0001 1153
1747831637801 0.0001 1154
1747831639854 0.0001 1155
1747831640239 0.0001 1156
1747831642289 0.0001 1157
1747831642678 0.0001 1158
1747831643070 0.0001 1159
1747831643449 0.0001 1160
1747831644102 0.0001 1161
1747831646969 0.0001 1162
1747831648875 0.0001 1163
1747831649266 0.0001 1164
1747831649652 0.0001 1165
1747831652198 0.0001 1166
1747831652587 0.0001 1167
1747831654643 0.0001 1168
1747831656122 0.0001 1169
1747831656493 0.0001 1170
1747831673867 0.0001 1171
1747831674260 0.0001 1172
1747831674661 0.0001 1173
1747831675202 0.0001 1174
1747831678050 0.0001 1175
1747831680231 0.0001 1176
1747831680617 0.0001 1177
1747831681002 0.0001 1178
1747831681375 0.0001 1179
1747831682252 0.0001 1180
1747831685256 0.0001 1181
1747831685640 0.0001 1182
1747831687867 0.0001 1183
1747831689673 0.0001 1184
1747831691524 0.0001 1185
1747831691916 0.0001 1186
1747831692331 0.0001 1187
1747831694388 0.0001 1188
1747831694807 0.0001 1189
1747831695199 0.0001 1190
1747831695596 0.0001 1191
1747831698172 0.0001 1192
1747831698569 0.0001 1193
1747831700555 0.0001 1194
1747831702229 0.0001 1195
1747831702613 0.0001 1196
1747831705146 0.0001 1197
1747831706990 0.0001 1198
1747831708420 0.0001 1199
1747831708792 0.0001 1200
1747831724951 0.0001 1201
1747831725782 0.0001 1202
1747831726455 0.0001 1203
1747831729146 0.0001 1204
1747831729579 0.0001 1205
1747831729972 0.0001 1206
1747831732521 0.0001 1207
1747831732916 0.0001 1208
1747831733323 0.0001 1209
1747831733696 0.0001 1210
1747831734377 0.0001 1211
1747831735033 0.0001 1212
1747831737936 0.0001 1213
1747831739868 0.0001 1214
1747831740256 0.0001 1215
1747831740648 0.0001 1216
1747831741064 0.0001 1217
1747831741933 0.0001 1218
1747831744503 0.0001 1219
1747831744914 0.0001 1220
1747831745314 0.0001 1221
1747831747859 0.0001 1222
1747831748238 0.0001 1223
1747831750775 0.0001 1224
1747831752623 0.0001 1225
1747831753026 0.0001 1226
1747831754958 0.0001 1227
1747831756897 0.0001 1228
1747831758433 0.0001 1229
1747831758801 0.0001 1230
1747831774094 0.0001 1231
1747831776749 0.0001 1232
1747831777156 0.0001 1233
1747831777540 0.0001 1234
1747831778122 0.0001 1235
1747831778904 0.0001 1236
1747831779584 0.0001 1237
1747831780454 0.0001 1238
1747831783095 0.0001 1239
1747831783508 0.0001 1240
1747831785929 0.0001 1241
1747831786307 0.0001 1242
1747831786698 0.0001 1243
1747831787081 0.0001 1244
1747831787727 0.0001 1245
1747831788566 0.0001 1246
1747831791301 0.0001 1247
1747831793117 0.0001 1248
1747831793502 0.0001 1249
1747831793902 0.0001 1250
1747831796187 0.0001 1251
1747831797967 0.0001 1252
1747831798353 0.0001 1253
1747831798742 0.0001 1254
1747831799130 0.0001 1255
1747831799955 0.0001 1256
1747831800687 0.0001 1257
1747831801511 0.0001 1258
1747831802186 0.0001 1259
1747831803855 0.0001 1260
1747831822566 0.0001 1261
1747831824448 0.0001 1262
1747831824840 0.0001 1263
1747831827399 0.0001 1264
1747831827783 0.0001 1265
1747831828168 0.0001 1266
1747831828706 0.0001 1267
1747831829571 0.0001 1268
1747831830429 0.0001 1269
1747831833624 0.0001 1270
1747831835592 0.0001 1271
1747831837424 0.0001 1272
1747831837806 0.0001 1273
1747831838189 0.0001 1274
1747831840377 0.0001 1275
1747831840781 0.0001 1276
1747831841160 0.0001 1277
1747831841724 0.0001 1278
1747831842472 0.0001 1279
1747831843435 0.0001 1280
1747831844318 0.0001 1281
1747831844994 0.0001 1282
1747831845820 0.0001 1283
1747831848686 0.0001 1284
1747831849061 0.0001 1285
1747831849451 0.0001 1286
1747831849824 0.0001 1287
1747831852823 0.0001 1288
1747831854211 0.0001 1289
1747831855722 0.0001 1290
1747831872799 0.0001 1291
1747831873177 0.0001 1292
1747831875690 0.0001 1293
1747831877649 0.0001 1294
1747831879881 0.0001 1295
1747831880274 0.0001 1296
1747831882302 0.0001 1297
1747831882691 0.0001 1298
1747831883093 0.0001 1299
1747831883553 0.0001 1300
1747831885993 0.0001 1301
1747831887960 0.0001 1302
1747831888354 0.0001 1303
1747831888745 0.0001 1304
1747831891404 0.0001 1305
1747831891778 0.0001 1306
1747831892152 0.0001 1307
1747831892729 0.0001 1308
1747831895289 0.0001 1309
1747831897472 0.0001 1310
1747831897865 0.0001 1311
1747831899970 0.0001 1312
1747831901922 0.0001 1313
1747831902305 0.0001 1314
1747831902703 0.0001 1315
1747831904700 0.0001 1316
1747831905077 0.0001 1317
1747831907209 0.0001 1318
1747831907595 0.0001 1319
1747831907955 0.0001 1320
1747831923244 0.0001 1321
1747831924006 0.0001 1322
1747831926400 0.0001 1323
1747831926796 0.0001 1324
1747831927194 0.0001 1325
1747831927584 0.0001 1326
1747831928423 0.0001 1327
1747831929269 0.0001 1328
1747831929924 0.0001 1329
1747831932444 0.0001 1330
1747831932834 0.0001 1331
1747831934977 0.0001 1332
1747831936844 0.0001 1333
1747831937227 0.0001 1334
1747831939333 0.0001 1335
1747831941210 0.0001 1336
1747831941595 0.0001 1337
1747831943638 0.0001 1338
1747831945595 0.0001 1339
1747831945977 0.0001 1340
1747831947993 0.0001 1341
1747831948386 0.0001 1342
1747831948759 0.0001 1343
1747831949211 0.0001 1344
1747831949963 0.0001 1345
1747831952584 0.0001 1346
1747831954473 0.0001 1347
1747831954878 0.0001 1348
1747831956510 0.0001 1349
1747831956886 0.0001 1350
1747831972718 0.0001 1351
1747831973525 0.0001 1352
1747831974197 0.0001 1353
1747831975064 0.0001 1354
1747831977659 0.0001 1355
1747831978039 0.0001 1356
1747831980106 0.0001 1357
1747831980494 0.0001 1358
1747831980872 0.0001 1359
1747831983756 0.0001 1360
1747831984146 0.0001 1361
1747831986267 0.0001 1362
1747831986649 0.0001 1363
1747831988727 0.0001 1364
1747831989118 0.0001 1365
1747831989505 0.0001 1366
1747831989904 0.0001 1367
1747831990669 0.0001 1368
1747831991369 0.0001 1369
1747831992224 0.0001 1370
1747831994929 0.0001 1371
1747831996704 0.0001 1372
1747831997091 0.0001 1373
1747831999435 0.0001 1374
1747831999822 0.0001 1375
1747832000206 0.0001 1376
1747832000695 0.0001 1377
1747832001444 0.0001 1378
1747832002292 0.0001 1379
1747832004174 0.0001 1380
1747832019588 0.0001 1381
1747832020468 0.0001 1382
1747832021185 0.0001 1383
1747832022012 0.0001 1384
1747832022869 0.0001 1385
1747832026064 0.0001 1386
1747832027860 0.0001 1387
1747832029681 0.0001 1388
1747832031622 0.0001 1389
1747832033407 0.0001 1390
1747832035393 0.0001 1391
1747832037202 0.0001 1392
1747832038997 0.0001 1393
1747832039386 0.0001 1394
1747832041742 0.0001 1395
1747832043513 0.0001 1396
1747832045199 0.0001 1397
1747832045600 0.0001 1398
1747832047718 0.0001 1399
1747832048109 0.0001 1400
1747832050164 0.0001 1401
1747832052188 0.0001 1402
1747832054034 0.0001 1403
1747832055897 0.0001 1404
1747832056286 0.0001 1405
1747832058384 0.0001 1406
1747832060431 0.0001 1407
1747832060805 0.0001 1408
1747832062452 0.0001 1409
1747832062831 0.0001 1410
1747832078535 0.0001 1411
1747832081322 0.0001 1412
1747832083236 0.0001 1413
1747832085213 0.0001 1414
1747832085603 0.0001 1415
1747832085994 0.0001 1416
1747832088160 0.0001 1417
1747832088548 0.0001 1418
1747832088928 0.0001 1419
1747832089499 0.0001 1420
1747832090161 0.0001 1421
1747832092659 0.0001 1422
1747832093066 0.0001 1423
1747832095038 0.0001 1424
1747832095434 0.0001 1425
1747832097387 0.0001 1426
1747832099235 0.0001 1427
1747832100904 0.0001 1428
1747832101292 0.0001 1429
1747832101673 0.0001 1430
1747832104007 0.0001 1431
1747832106078 0.0001 1432
1747832108061 0.0001 1433
1747832108448 0.0001 1434
1747832108846 0.0001 1435
1747832111506 0.0001 1436
1747832113306 0.0001 1437
1747832115039 0.0001 1438
1747832115421 0.0001 1439
1747832115786 0.0001 1440
1747832134307 0.0001 1441
1747832136034 0.0001 1442
1747832136444 0.0001 1443
1747832136830 0.0001 1444
1747832139702 0.0001 1445
1747832141424 0.0001 1446
1747832141819 0.0001 1447
1747832142234 0.0001 1448
1747832142863 0.0001 1449
1747832143565 0.0001 1450
1747832144232 0.0001 1451
1747832146910 0.0001 1452
1747832148839 0.0001 1453
1747832149226 0.0001 1454
1747832149615 0.0001 1455
1747832150020 0.0001 1456
1747832150677 0.0001 1457
1747832151368 0.0001 1458
1747832154098 0.0001 1459
1747832154484 0.0001 1460
1747832154889 0.0001 1461
1747832157515 0.0001 1462
1747832157912 0.0001 1463
1747832158311 0.0001 1464
1747832160488 0.0001 1465
1747832160914 0.0001 1466
1747832161296 0.0001 1467
1747832161676 0.0001 1468
1747832162338 0.0001 1469
1747832163202 0.0001 1470
1747832180641 0.0001 1471
1747832182572 0.0001 1472
1747832184568 0.0001 1473
1747832186450 0.0001 1474
1747832188236 0.0001 1475
1747832188631 0.0001 1476
1747832190651 0.0001 1477
1747832191067 0.0001 1478
1747832193250 0.0001 1479
1747832193621 0.0001 1480
1747832194031 0.0001 1481
1747832194449 0.0001 1482
1747832197411 0.0001 1483
1747832199202 0.0001 1484
1747832199591 0.0001 1485
1747832201500 0.0001 1486
1747832203238 0.0001 1487
1747832204952 0.0001 1488
1747832205347 0.0001 1489
1747832207421 0.0001 1490
1747832207809 0.0001 1491
1747832208213 0.0001 1492
1747832208661 0.0001 1493
1747832211841 0.0001 1494
1747832213898 0.0001 1495
1747832215688 0.0001 1496
1747832217361 0.0001 1497
1747832217729 0.0001 1498
1747832218100 0.0001 1499
1747832218484 0.0001 1500
