1747829736011 0.6907516717910767 1
1747829751017 0.6700003743171692 1
1747829794486 0.6725295782089233 2
1747829842055 0.6825412511825562 3
1747829890941 0.6386871337890625 4
1747829939354 0.71123206615448 5
1747829991604 0.6868773102760315 6
1747830037668 0.7082089781761169 7
1747830087924 0.7181083559989929 8
1747830135004 0.7089971303939819 9
1747830185803 0.6763651371002197 10
1747830237917 0.7347930073738098 11
1747830291123 0.735366940498352 12
1747830340624 0.724013090133667 13
1747830389397 0.6637678742408752 14
1747830443391 0.7086822986602783 15
1747830493363 0.7290566563606262 16
1747830542282 0.7126162648200989 17
1747830590643 0.752812385559082 18
1747830638912 0.7502087950706482 19
1747830686275 0.7264145016670227 20
1747830735315 0.7286453247070312 21
1747830785295 0.7702370882034302 22
1747830835620 0.7589402794837952 23
1747830886488 0.751780092716217 24
1747830936639 0.7699421048164368 25
1747830983425 0.7445401549339294 26
1747831033784 0.7443751096725464 27
1747831084505 0.7810912728309631 28
1747831133743 0.7653322815895081 29
1747831186403 0.7758159041404724 30
1747831239227 0.763650119304657 31
1747831293175 0.7508243322372437 32
1747831344070 0.7550976872444153 33
1747831395184 0.7920059561729431 34
1747831447981 0.7594254612922668 35
1747831496143 0.7663076519966125 36
1747831544392 0.761163055896759 37
1747831600540 0.7356053590774536 38
1747831656497 0.788159191608429 39
1747831708798 0.7767809629440308 40
1747831758807 0.7898744344711304 41
1747831803861 0.7886812090873718 42
1747831855727 0.7778531312942505 43
1747831907961 0.7077434659004211 44
1747831956891 0.790441632270813 45
1747832004179 0.7724615335464478 46
1747832062836 0.7859826683998108 47
1747832115791 0.7975141406059265 48
1747832163208 0.7950869798660278 49
1747832218489 0.7811403870582581 50
