1747829736011 0.9285881519317627 1
1747829751017 0.7632138729095459 1
1747829794486 0.9102267026901245 2
1747829842055 0.9246850609779358 3
1747829890941 0.9122639894485474 4
1747829939354 0.9314053654670715 5
1747829991604 0.9170119166374207 6
1747830037668 0.927146315574646 7
1747830087924 0.9269782900810242 8
1747830135004 0.9253273606300354 9
1747830185803 0.9149419665336609 10
1747830237917 0.9283934235572815 11
1747830291123 0.9301788210868835 12
1747830340624 0.9269578456878662 13
1747830389397 0.9118605256080627 14
1747830443391 0.927759051322937 15
1747830493363 0.9252442717552185 16
1747830542282 0.9226551055908203 17
1747830590643 0.9360626339912415 18
1747830638912 0.9287917017936707 19
1747830686275 0.9295713901519775 20
1747830735315 0.9317988157272339 21
1747830785295 0.9352217316627502 22
1747830835620 0.9340566992759705 23
1747830886488 0.9334794282913208 24
1747830936639 0.9380301237106323 25
1747830983425 0.9344562888145447 26
1747831033784 0.9323282837867737 27
1747831084505 0.941022515296936 28
1747831133743 0.930624783039093 29
1747831186403 0.9326243996620178 30
1747831239227 0.92386794090271 31
1747831293175 0.9272939562797546 32
1747831344070 0.9309888482093811 33
1747831395184 0.9451186060905457 34
1747831447981 0.9361172318458557 35
1747831496143 0.9342052340507507 36
1747831544392 0.9222539067268372 37
1747831600540 0.9136804938316345 38
1747831656497 0.9358829259872437 39
1747831708798 0.930037796497345 40
1747831758807 0.9355692267417908 41
1747831803861 0.9396036267280579 42
1747831855727 0.9344518780708313 43
1747831907961 0.9031422734260559 44
1747831956891 0.9321199059486389 45
1747832004179 0.9368836283683777 46
1747832062836 0.9388343691825867 47
1747832115791 0.9421206116676331 48
1747832163208 0.9429149627685547 49
1747832218489 0.935962438583374 50
