1747829736011 0.8498257398605347 1
1747829794486 0.8343777060508728 2
1747829842055 0.8443372249603271 3
1747829890941 0.8232735991477966 4
1747829939354 0.8586470484733582 5
1747829991604 0.8421924710273743 6
1747830037668 0.856341540813446 7
1747830087924 0.858340859413147 8
1747830135004 0.8543975353240967 9
1747830185803 0.8383241295814514 10
1747830237917 0.8665398955345154 11
1747830291123 0.8675097823143005 12
1747830340624 0.8596588969230652 13
1747830389397 0.8314809203147888 14
1747830443391 0.8557979464530945 15
1747830493363 0.8626194596290588 16
1747830542282 0.8544133305549622 17
1747830590643 0.8758165836334229 18
1747830638912 0.8706626892089844 19
1747830686275 0.8643388152122498 20
1747830735315 0.8642715215682983 21
1747830785295 0.8803814053535461 22
1747830835620 0.8748860955238342 23
1747830886488 0.8742996454238892 24
1747830936639 0.8820908665657043 25
1747830983425 0.8724323511123657 26
1747831033784 0.870873749256134 27
1747831084505 0.8894113898277283 28
1747831133743 0.8772112727165222 29
1747831186403 0.8810803294181824 30
1747831239227 0.8731698989868164 31
1747831293175 0.87019282579422 32
1747831344070 0.874172568321228 33
1747831395184 0.8943765163421631 34
1747831447981 0.8770370483398438 35
1747831496143 0.8793386816978455 36
1747831544392 0.8727639317512512 37
1747831600540 0.8565244078636169 38
1747831656497 0.887234628200531 39
1747831708798 0.8812664151191711 40
1747831758807 0.8882124423980713 41
1747831803861 0.8894109725952148 42
1747831855727 0.8828554153442383 43
1747831907961 0.8411720395088196 44
1747831956891 0.884998083114624 45
1747832004179 0.8830916285514832 46
1747832062836 0.8888993859291077 47
1747832115791 0.8945311307907104 48
1747832163208 0.8944506049156189 49
1747832218489 0.8856949210166931 50
