1747682162570 0.8043981194496155 1
1747682170213 0.6540089249610901 1
1747682187843 0.7710941433906555 2
1747682208103 0.7913840413093567 3
1747682229906 0.8262000679969788 4
1747682265389 0.8294649720191956 5
1747682293706 0.8349065780639648 6
1747682321494 0.7603497505187988 7
1747682347721 0.7938008308410645 8
1747682370921 0.8370165824890137 9
1747682393680 0.8401195406913757 10
1747682419295 0.8404302597045898 11
1747682442155 0.8457396030426025 12
1747682465886 0.7859625816345215 13
1747682492442 0.8552740216255188 14
1747682513942 0.8544148802757263 15
1747682535951 0.8381356596946716 16
1747682559398 0.857602596282959 17
1747682585432 0.8608923554420471 18
1747682608622 0.865765392780304 19
1747682628240 0.8631629347801208 20
1747682648867 0.8633022308349609 21
1747682675147 0.8531017303466797 22
1747682697926 0.8513032793998718 23
1747682720336 0.8757100105285645 24
1747682739838 0.8732559084892273 25
1747682758887 0.8451523780822754 26
1747682780366 0.8903722763061523 27
1747682805462 0.8813924193382263 28
1747682830308 0.8829641342163086 29
1747682848551 0.8564508557319641 30
1747682871761 0.8541147708892822 31
1747682893034 0.8413355350494385 32
1747682917236 0.8482677340507507 33
1747682940459 0.8520526885986328 34
1747682965175 0.882194995880127 35
1747682986388 0.8732772469520569 36
1747683009936 0.8857386708259583 37
1747683031849 0.8745388984680176 38
1747683055651 0.8588679432868958 39
1747683075161 0.883253812789917 40
1747683098765 0.8858734965324402 41
1747683121322 0.8919439911842346 42
1747683142311 0.8870618343353271 43
1747683162485 0.8995453715324402 44
1747683188548 0.899385392665863 45
1747683210920 0.8632545471191406 46
1747683231953 0.9078237414360046 47
1747683250448 0.8842595219612122 48
1747683270388 0.8924858570098877 49
1747683290855 0.8952168822288513 50
