1747682151756 0.7189573049545288 1
1747682152128 0.7189248204231262 2
1747682152745 0.8258283138275146 3
1747682153486 1.0120848417282104 4
1747682154429 0.6600652933120728 5
1747682155226 0.7420513033866882 6
1747682158321 0.7550076246261597 7
1747682158708 0.9314149022102356 8
1747682159102 0.6395484805107117 9
1747682159685 0.7763844132423401 10
1747682160620 0.716149091720581 11
1747682162502 0.8234637379646301 12
1747682171762 0.6742801666259766 13
1747682174942 0.7505054473876953 14
1747682176967 0.7832456827163696 15
1747682179076 0.7727951407432556 16
1747682179475 0.7574743628501892 17
1747682181468 1.2822391986846924 18
1747682181875 0.8222179412841797 19
1747682182304 0.8068599104881287 20
1747682182782 0.8427630662918091 21
1747682185920 0.7619729042053223 22
1747682186279 0.7971199750900269 23
1747682187832 0.7860225439071655 24
1747682194939 0.744499683380127 25
1747682197793 0.8240711092948914 26
1747682198191 0.7789940237998962 27
1747682198585 0.7625042796134949 28
1747682201115 0.630622386932373 29
1747682201502 0.77227783203125 30
1747682201907 0.7422225475311279 31
1747682202442 0.7438547611236572 32
1747682203203 0.658881664276123 33
1747682206119 0.7492160201072693 34
1747682206485 1.2634451389312744 35
1747682208095 0.6303081512451172 36
1747682215748 0.7147961854934692 37
1747682216473 0.6245251297950745 38
1747682219317 0.738013744354248 39
1747682219699 1.0607610940933228 40
1747682222109 0.7358209490776062 41
1747682222514 0.6868839263916016 42
1747682222930 0.7282742261886597 43
1747682225231 0.6363003253936768 44
1747682227194 0.7231922745704651 45
1747682227602 0.7188122868537903 46
1747682229511 0.7120038270950317 47
1747682229896 0.6688247323036194 48
1747682239957 0.6738393902778625 49
1747682240349 0.7090568542480469 50
1747682242764 0.6455907821655273 51
1747682244800 0.7312713265419006 52
1747682246987 0.8026095032691956 53
1747682248894 0.7265781164169312 54
1747682251671 0.7065179347991943 55
1747682256302 0.9500322341918945 56
1747682256748 0.7318301796913147 57
1747682261327 0.60524582862854 58
1747682263306 0.7029165625572205 59
1747682265382 0.6685377359390259 60
1747682274162 0.7095152139663696 61
1747682277654 0.5918376445770264 62
1747682280310 0.7502437829971313 63
1747682280832 0.9290386438369751 64
1747682281227 0.6899970173835754 65
1747682284593 0.6170399188995361 66
1747682285148 0.6457382440567017 67
1747682285669 0.6587855815887451 68
1747682289075 0.7733035087585449 69
1747682291526 0.6933777332305908 70
1747682291910 0.6581704616546631 71
1747682293698 0.9041851758956909 72
1747682305485 0.8156351447105408 73
1747682305995 0.7085363268852234 74
1747682306539 0.6066209673881531 75
1747682309727 0.9216940999031067 76
1747682312115 1.3096859455108643 77
1747682312688 0.6577264070510864 78
1747682313259 0.692061722278595 79
1747682316230 0.6894607543945312 80
1747682318547 0.7057026624679565 81
1747682319104 0.6856679320335388 82
1747682319698 0.7150337100028992 83
1747682321484 0.9948698282241821 84
1747682333531 0.6220471858978271 85
1747682335650 0.778260350227356 86
1747682336127 0.768460214138031 87
1747682336527 0.8546850681304932 88
1747682339284 0.7046823501586914 89
1747682341314 0.8839987516403198 90
1747682341713 0.7550623416900635 91
1747682344083 0.7484887838363647 92
1747682344492 0.8142023682594299 93
1747682344958 0.6272926330566406 94
1747682345578 0.6630604267120361 95
1747682347709 0.6759288311004639 96
1747682359786 0.7507527470588684 97
1747682360369 0.6981427073478699 98
1747682361004 0.6052045822143555 99
1747682361574 0.6898245811462402 100
1747682362592 1.0458365678787231 101
1747682363378 0.6082454919815063 102
1747682364143 0.6726331114768982 103
1747682367254 0.6393439769744873 104
1747682367673 0.6474136114120483 105
1747682370086 0.8589519262313843 106
1747682370505 0.6858035326004028 107
1747682370913 0.6440620422363281 108
1747682381450 0.686696469783783 109
1747682383567 0.8908717632293701 110
1747682386087 0.6243977546691895 111
1747682386497 0.6903070211410522 112
1747682386947 0.6372025609016418 113
1747682387577 0.6410579681396484 114
1747682388301 0.6833289861679077 115
1747682389065 0.7286731004714966 116
1747682389974 0.5887116193771362 117
1747682390687 0.7598000168800354 118
1747682393282 0.646592378616333 119
1747682393672 0.5988342761993408 120
1747682404162 0.6413967609405518 121
1747682406321 0.6270731687545776 122
1747682408829 0.6322364211082458 123
1747682411480 0.6711058020591736 124
1747682412010 0.604642391204834 125
1747682412634 0.5819465517997742 126
1747682415728 0.8520779013633728 127
1747682416318 0.9250906705856323 128
1747682416956 0.6961297392845154 129
1747682417591 0.67769455909729 130
1747682418467 0.6339033246040344 131
1747682419286 0.6750369071960449 132
1747682430602 0.6718617081642151 133
1747682431035 0.7072523832321167 134
1747682433395 0.6687713861465454 135
1747682433808 0.9556481838226318 136
1747682434230 0.7029851675033569 137
1747682434644 0.6558058261871338 138
1747682435413 0.625823974609375 139
1747682438532 0.6406590342521667 140
1747682439005 0.6248215436935425 141
1747682439452 0.833818256855011 142
1747682439983 0.6112676858901978 143
1747682442147 0.5616928935050964 144
1747682452544 0.5904718637466431 145
1747682452968 0.6657026410102844 146
1747682453369 0.6370499134063721 147
1747682453878 0.8194152116775513 148
1747682457249 0.6861717700958252 149
1747682458110 0.6653293967247009 150
1747682461023 0.7920660376548767 151
1747682461508 0.6737171411514282 152
1747682461978 0.8518016934394836 153
1747682462399 0.6569937467575073 154
1747682465443 0.7110520005226135 155
1747682465877 0.8837060332298279 156
1747682477172 0.6533646583557129 157
1747682480607 0.610480546951294 158
1747682481017 0.6161146759986877 159
1747682481422 0.6518234014511108 160
1747682484283 0.6637939810752869 161
1747682484700 0.6349695324897766 162
1747682487161 0.9730578660964966 163
1747682489246 0.6868149042129517 164
1747682489630 0.6175152659416199 165
1747682491694 0.6229994893074036 166
1747682492061 0.5615893602371216 167
1747682492434 0.6283119916915894 168
1747682500361 0.8774526715278625 169
1747682501187 0.616291880607605 170
1747682503893 0.6740801334381104 171
1747682504298 0.5703138113021851 172
1747682504697 0.655076265335083 173
1747682505076 0.5526124835014343 174
1747682506060 0.5792132019996643 175
1747682506740 0.6511057615280151 176
1747682509511 0.7213820219039917 177
1747682511817 0.5719984173774719 178
1747682513544 0.6140776872634888 179
1747682513929 0.6228803992271423 180
1747682520720 0.8199735283851624 181
1747682523364 0.6419199705123901 182
1747682525282 0.6377387642860413 183
1747682527388 0.7489091157913208 184
1747682529237 0.6526628732681274 185
1747682529656 0.6640003323554993 186
1747682530070 0.6348958015441895 187
1747682530446 0.602970540523529 188
1747682531121 0.6704674363136292 189
1747682534002 0.5571222901344299 190
1747682535561 0.6340941786766052 191
1747682535945 0.577438235282898 192
1747682545746 0.6234663724899292 193
1747682546143 0.6027029752731323 194
1747682546560 0.6438392996788025 195
1747682549434 0.5450186133384705 196
1747682551292 0.6413710117340088 197
1747682551698 0.6327965259552002 198
1747682552093 0.6570168733596802 199
1747682554817 0.547782301902771 200
1747682555223 0.6839735507965088 201
1747682557392 0.5500831604003906 202
1747682557783 0.6354337930679321 203
1747682559389 0.824618399143219 204
1747682569319 0.9157359600067139 205
1747682569723 0.6158377528190613 206
1747682571914 0.5637800693511963 207
1747682574373 0.5754306316375732 208
1747682576219 0.6254883408546448 209
1747682576617 0.6102631092071533 210
1747682578969 0.6301391124725342 211
1747682579382 0.6084364056587219 212
1747682579781 0.524064302444458 213
1747682582280 0.5919222235679626 214
1747682583885 0.6567590832710266 215
1747682585424 0.582931637763977 216
1747682595226 0.6330141425132751 217
1747682595632 0.8167085647583008 218
1747682596041 0.615774929523468 219
1747682598713 0.5205714106559753 220
1747682599094 0.5733712315559387 221
1747682599481 0.5290833711624146 222
1747682602097 0.6953847408294678 223
1747682604108 0.5873265862464905 224
1747682604519 0.7402808666229248 225
1747682604933 0.5343972444534302 226
1747682607111 0.6634998917579651 227
1747682608613 0.5660417675971985 228
1747682618015 0.5339805483818054 229
1747682618408 0.6186540722846985 230
1747682618804 0.6208492517471313 231
1747682619350 0.525096595287323 232
1747682622206 0.7887371778488159 233
1747682622606 0.5481971502304077 234
1747682625083 0.5733128190040588 235
1747682625481 0.595795214176178 236
1747682625879 0.6831291913986206 237
1747682626319 0.59225994348526 238
1747682627285 0.5674607157707214 239
1747682628232 0.7348190546035767 240
1747682636089 0.5348584055900574 241
1747682637024 0.5352069735527039 242
1747682637897 0.6546504497528076 243
1747682641166 0.6149353384971619 244
1747682641575 0.7416239976882935 245
1747682644405 0.5564749240875244 246
1747682644801 0.6087690591812134 247
1747682646945 0.6039553880691528 248
1747682647347 0.6190598011016846 249
1747682647738 0.7799289226531982 250
1747682648153 0.5739610195159912 251
1747682648860 0.5490288734436035 252
1747682659392 0.5996811389923096 253
1747682659788 0.5763469338417053 254
1747682660181 0.5255535840988159 255
1747682660772 0.5406033992767334 256
1747682663586 0.5167204141616821 257
1747682665492 0.8639025092124939 258
1747682667540 0.6904651522636414 259
1747682669601 0.6087181568145752 260
1747682670005 0.6115946173667908 261
1747682672130 0.6184532642364502 262
1747682673609 0.5651642084121704 263
1747682675137 0.6480183601379395 264
1747682684385 0.6944926977157593 265
1747682684777 0.6064836978912354 266
1747682687196 0.6483140587806702 267
1747682689669 0.526387631893158 268
1747682690069 0.7792501449584961 269
1747682692376 0.6094719171524048 270
1747682692788 0.5660302042961121 271
1747682693181 0.6030098795890808 272
1747682693782 0.5357672572135925 273
1747682694767 0.565925121307373 274
1747682695706 0.7766607999801636 275
1747682697918 0.5154613852500916 276
1747682707788 0.6019605398178101 277
1747682709846 0.5625962018966675 278
1747682710254 0.5396046042442322 279
1747682710657 0.5900158882141113 280
1747682711036 0.7667453289031982 281
1747682711779 0.5837295055389404 282
1747682712607 0.5350425243377686 283
1747682715758 0.5639294385910034 284
1747682716173 0.5235050916671753 285
1747682718414 0.5943337678909302 286
1747682718794 0.6788487434387207 287
1747682720325 0.5936324596405029 288
1747682727356 0.7499321103096008 289
1747682728099 0.670255720615387 290
1747682728862 0.5582084655761719 291
1747682729795 0.5185902118682861 292
1747682730684 0.536000669002533 293
1747682731487 0.5992941856384277 294
1747682734570 0.5947134494781494 295
1747682734965 0.5650090575218201 296
1747682735363 0.6125412583351135 297
1747682735765 0.5031118392944336 298
1747682738317 0.5997743606567383 299
1747682739830 0.5751086473464966 300
1747682746757 0.6726934909820557 301
1747682747515 0.544637143611908 302
1747682750564 0.8570507168769836 303
1747682750963 0.5055792331695557 304
1747682751366 0.5797728896141052 305
1747682751749 0.5391523241996765 306
1747682752549 0.4982897639274597 307
1747682755688 0.655022919178009 308
1747682757651 0.641211748123169 309
1747682758077 0.5461881160736084 310
1747682758492 0.655131995677948 311
1747682758878 0.5834987163543701 312
1747682766360 0.4940006136894226 313
1747682767234 0.5103988647460938 314
1747682770676 0.5787776708602905 315
1747682771079 0.4992925524711609 316
1747682771482 0.55805903673172 317
1747682771868 0.5364894270896912 318
1747682775280 0.7479774951934814 319
1747682777223 0.531882107257843 320
1747682779209 0.530052900314331 321
1747682779596 0.5763095021247864 322
1747682779990 0.6046172380447388 323
1747682780356 0.575920045375824 324
1747682789479 0.5890288949012756 325
1747682791585 0.7360069751739502 326
1747682793489 0.562833845615387 327
1747682795712 0.5064656734466553 328
1747682796096 0.5330356955528259 329
1747682798356 0.49117276072502136 330
1747682800465 0.6263313889503479 331
1747682800872 0.5179777145385742 332
1747682801283 0.6223466396331787 333
1747682803529 0.5706279277801514 334
1747682805086 0.5397055149078369 335
1747682805454 0.5385544300079346 336
1747682816015 0.5621665716171265 337
1747682816434 0.5584622621536255 338
1747682818792 0.5468236207962036 339
1747682819204 0.6067031621932983 340
1747682821935 0.5418980121612549 341
1747682822329 0.582720935344696 342
1747682822720 0.5048922300338745 343
1747682823163 0.7276555299758911 344
1747682824217 0.5690391659736633 345
1747682826985 0.5722324252128601 346
1747682828667 0.5865258574485779 347
1747682830301 0.48960188031196594 348
1747682839735 0.5720726251602173 349
1747682840140 0.5454006195068359 350
1747682840558 0.5305006504058838 351
1747682840959 0.5729893445968628 352
1747682841703 0.5371372699737549 353
1747682844754 0.5567187070846558 354
1747682845168 0.5428633689880371 355
1747682845579 0.5281761288642883 356
1747682846154 0.48615431785583496 357
1747682847099 1.041283130645752 358
1747682847837 0.6355973482131958 359
1747682848543 0.4846017062664032 360
1747682855955 0.528013288974762 361
1747682858675 0.5616338849067688 362
1747682859077 0.8518551588058472 363
1747682859471 0.5975306034088135 364
1747682859982 0.5371794104576111 365
1747682862962 0.5087197422981262 366
1747682863361 0.4862627387046814 367
1747682865743 0.5229007601737976 368
1747682867785 0.5322685837745667 369
1747682869614 0.47972822189331055 370
1747682869991 0.5662779808044434 371
1747682871750 1.1237096786499023 372
1747682881536 0.6001763939857483 373
1747682881938 0.4932066798210144 374
1747682882343 0.49615466594696045 375
1747682885348 0.5282223224639893 376
1747682885743 0.6109694242477417 377
1747682888441 0.6687158346176147 378
1747682888845 0.6073126792907715 379
1747682889250 0.5712295770645142 380
1747682889628 0.6739224791526794 381
1747682892230 0.7555001974105835 382
1747682892633 0.5621956586837769 383
1747682893025 0.553085446357727 384
1747682902916 0.592556357383728 385
1747682903343 0.7376957535743713 386
1747682905814 0.5038840174674988 387
1747682907915 0.7236796617507935 388
1747682910063 0.6331113576889038 389
1747682910462 0.5360744595527649 390
1747682912877 0.5221519470214844 391
1747682915158 0.6474627256393433 392
1747682915541 0.6386417746543884 393
1747682915939 0.6185103058815002 394
1747682916492 0.5392640233039856 395
1747682917228 0.5598258376121521 396
1747682924514 0.5625988841056824 397
1747682925461 0.6726248264312744 398
1747682926209 0.5832680463790894 399
1747682927036 0.6796358823776245 400
1747682929671 0.5747735500335693 401
1747682930071 0.5594555735588074 402
1747682932536 0.5204047560691833 403
1747682932932 0.584417462348938 404
1747682935337 0.7579371333122253 405
1747682937203 0.500482976436615 406
1747682938834 0.5785889625549316 407
1747682940450 0.5719189643859863 408
1747682949548 0.5311830639839172 409
1747682951576 0.7167182564735413 410
1747682951979 0.5203967690467834 411
1747682952383 0.5656448602676392 412
1747682954841 0.48000016808509827 413
1747682957334 0.5543590784072876 414
1747682959317 0.570509135723114 415
1747682959736 0.5137956142425537 416
1747682960145 0.55220627784729 417
1747682963078 0.5094776153564453 418
1747682964793 0.6057066917419434 419
1747682965169 0.4836463928222656 420
1747682972807 0.5417979955673218 421
1747682973495 0.5113145112991333 422
1747682974439 0.6143345832824707 423
1747682975178 0.5036262273788452 424
1747682978054 0.47988608479499817 425
1747682978430 0.5092229843139648 426
1747682980885 0.5482431054115295 427
1747682982842 0.4758974611759186 428
1747682983229 0.5366023778915405 429
1747682983632 0.8057880997657776 430
1747682986007 0.5870652198791504 431
1747682986378 0.49760037660598755 432
1747682993721 0.5818634629249573 433
1747682996248 0.5062121152877808 434
1747682996647 0.47267529368400574 435
1747682997031 0.5760151743888855 436
1747682999859 0.5200164318084717 437
1747683001813 0.4560287594795227 438
1747683002228 0.5354306697845459 439
1747683004680 0.490924596786499 440
1747683007002 0.4996502697467804 441
1747683009189 0.5375232100486755 442
1747683009552 0.6109311580657959 443
1747683009925 0.7087126970291138 444
1747683019689 0.5010724067687988 445
1747683020088 0.48404625058174133 446
1747683020480 0.5311627984046936 447
1747683020908 0.5343325138092041 448
1747683021765 0.5329646468162537 449
1747683024990 0.5418111085891724 450
1747683025393 0.7628880739212036 451
1747683025813 0.5101045370101929 452
1747683026484 0.5267680883407593 453
1747683029839 0.48976224660873413 454
1747683030205 0.5168371200561523 455
1747683031842 0.5087525248527527 456
1747683041997 0.5777730941772461 457
1747683042380 0.4605392813682556 458
1747683042779 0.6841775178909302 459
1747683043355 0.8077538013458252 460
1747683046479 0.5129370093345642 461
1747683048377 0.5176199078559875 462
1747683050561 0.5064913034439087 463
1747683052472 0.5929862856864929 464
1747683054469 0.532532274723053 465
1747683054863 0.509757936000824 466
1747683055254 0.6053995490074158 467
1747683055642 0.5229999423027039 468
1747683063078 0.5024694204330444 469
1747683063892 0.4607733488082886 470
1747683064615 0.5725762844085693 471
1747683065452 0.4945085644721985 472
1747683068326 0.5301433801651001 473
1747683068722 0.49371278285980225 474
1747683069112 0.6815516352653503 475
1747683069523 0.5275883078575134 476
1747683072511 0.4606844186782837 477
1747683072914 0.46664029359817505 478
1747683073315 0.5119912028312683 479
1747683075147 0.7570445537567139 480
1747683085280 0.4564633071422577 481
1747683087692 0.5547860860824585 482
1747683088092 0.520131528377533 483
1747683088476 0.4989660084247589 484
1747683091260 0.49403902888298035 485
1747683091691 0.6780825257301331 486
1747683092094 0.6157041788101196 487
1747683092716 0.4632052779197693 488
1747683093636 0.5972935557365417 489
1747683096780 0.46404528617858887 490
1747683098375 0.5058770179748535 491
1747683098756 0.5249022841453552 492
1747683108448 0.4565870761871338 493
1747683108828 0.48801201581954956 494
1747683111268 0.5082461833953857 495
1747683111679 0.48406413197517395 496
1747683114298 0.4948504865169525 497
1747683116340 0.7828702926635742 498
1747683118453 0.5245828628540039 499
1747683118857 0.5205633640289307 500
1747683119258 0.5180589556694031 501
1747683119637 0.5434333086013794 502
1747683120578 0.44470807909965515 503
1747683121315 0.5164444446563721 504
1747683129361 0.477824330329895 505
1747683132669 0.6764154434204102 506
1747683134745 0.5115909576416016 507
1747683135137 0.5358256697654724 508
1747683135530 0.49716317653656006 509
1747683136101 0.5652689933776855 510
1747683137017 0.44757068157196045 511
1747683140287 0.4339655339717865 512
1747683140704 0.6231377124786377 513
1747683141084 0.5052312016487122 514
1747683141531 0.5349546670913696 515
1747683142303 0.5367473363876343 516
1747683149772 0.4808200001716614 517
1747683150593 0.48490816354751587 518
1747683153454 0.45231688022613525 519
1747683155869 0.4976698160171509 520
1747683156276 0.6934530735015869 521
1747683156679 0.5131406188011169 522
1747683157251 0.4601375460624695 523
1747683160302 0.5013996958732605 524
1747683160726 0.46885910630226135 525
1747683161115 0.5506698489189148 526
1747683161733 0.47678375244140625 527
1747683162478 0.5050803422927856 528
1747683171936 0.5704905390739441 529
1747683173909 0.43412163853645325 530
1747683174300 0.4806889593601227 531
1747683176798 0.6911479234695435 532
1747683177192 0.4794115424156189 533
1747683179403 0.4930552542209625 534
1747683181377 0.5070834159851074 535
1747683183495 0.4392780661582947 536
1747683183884 0.44303977489471436 537
1747683186325 0.5032500624656677 538
1747683188134 0.4752383232116699 539
1747683188537 0.5102342963218689 540
1747683196309 0.477688193321228 541
1747683196995 0.4678342342376709 542
1747683199946 0.44167688488960266 543
1747683200339 0.4955745339393616 544
1747683202423 0.5015209913253784 545
1747683204442 0.5416699647903442 546
1747683204843 0.4845927357673645 547
1747683205234 0.5018907785415649 548
1747683208046 1.005569338798523 549
1747683208456 0.48799675703048706 550
1747683210541 0.4697880744934082 551
1747683210914 0.4710063636302948 552
1747683218227 0.43570899963378906 553
1747683221460 0.6540819406509399 554
1747683221848 0.46238210797309875 555
1747683224315 0.5044006109237671 556
1747683224714 0.42973506450653076 557
1747683225099 0.498371422290802 558
1747683225521 0.48968565464019775 559
1747683226289 0.5053187012672424 560
1747683227074 0.4336736798286438 561
1747683229961 0.647164523601532 562
1747683230328 0.4966675639152527 563
1747683231946 0.5136510729789734 564
1747683239248 0.4664621949195862 565
1747683240004 0.46819084882736206 566
1747683240796 0.4652080535888672 567
1747683241712 0.5429378747940063 568
1747683242632 0.5379793643951416 569
1747683243398 0.5159950256347656 570
1747683244143 0.5366660356521606 571
1747683246972 0.6490424871444702 572
1747683247356 0.46442392468452454 573
1747683249676 0.5088427066802979 574
1747683250058 0.6524121165275574 575
1747683250441 0.4823424816131592 576
1747683258160 0.43610697984695435 577
1747683258890 0.46545344591140747 578
1747683259639 0.5227519869804382 579
1747683260549 0.49844813346862793 580
1747683261324 0.49858084321022034 581
1747683262129 0.7720962762832642 582
1747683262880 0.526395320892334 583
1747683265803 0.5269611477851868 584
1747683267780 0.4484453797340393 585
1747683268188 0.44076940417289734 586
1747683270004 0.4678059220314026 587
1747683270380 0.4752018451690674 588
1747683277544 0.6437462568283081 589
1747683280190 0.4741242825984955 590
1747683280640 0.4443550407886505 591
1747683281035 0.7087874412536621 592
1747683281433 0.4343186020851135 593
1747683282144 0.4507429897785187 594
1747683282957 0.5052760243415833 595
1747683286215 0.46453508734703064 596
1747683286613 0.48981794714927673 597
1747683288894 0.5024179816246033 598
1747683290478 0.49660414457321167 599
1747683290848 0.4600113034248352 600
