1747682151758 0.0001 1
1747682152131 0.0001 2
1747682152746 0.0001 3
1747682153489 0.0001 4
1747682154433 0.0001 5
1747682155227 0.0001 6
1747682158324 0.0001 7
1747682158711 0.0001 8
1747682159103 0.0001 9
1747682159687 0.0001 10
1747682160622 0.0001 11
1747682162503 0.0001 12
1747682171781 0.0001 13
1747682174944 0.0001 14
1747682176970 0.0001 15
1747682179077 0.0001 16
1747682179477 0.0001 17
1747682181470 0.0001 18
1747682181878 0.0001 19
1747682182307 0.0001 20
1747682182794 0.0001 21
1747682185921 0.0001 22
1747682186280 0.0001 23
1747682187834 0.0001 24
1747682194943 0.0001 25
1747682197795 0.0001 26
1747682198193 0.0001 27
1747682198587 0.0001 28
1747682201116 0.0001 29
1747682201504 0.0001 30
1747682201909 0.0001 31
1747682202444 0.0001 32
1747682203205 0.0001 33
1747682206120 0.0001 34
1747682206486 0.0001 35
1747682208096 0.0001 36
1747682215752 0.0001 37
1747682216475 0.0001 38
1747682219318 0.0001 39
1747682219702 0.0001 40
1747682222110 0.0001 41
1747682222516 0.0001 42
1747682222931 0.0001 43
1747682225233 0.0001 44
1747682227197 0.0001 45
1747682227604 0.0001 46
1747682229513 0.0001 47
1747682229897 0.0001 48
1747682239958 0.0001 49
1747682240352 0.0001 50
1747682242766 0.0001 51
1747682244802 0.0001 52
1747682246988 0.0001 53
1747682248896 0.0001 54
1747682251673 0.0001 55
1747682256304 0.0001 56
1747682256751 0.0001 57
1747682261329 0.0001 58
1747682263308 0.0001 59
1747682265383 0.0001 60
1747682274165 0.0001 61
1747682277656 0.0001 62
1747682280312 0.0001 63
1747682280835 0.0001 64
1747682281230 0.0001 65
1747682284594 0.0001 66
1747682285152 0.0001 67
1747682285671 0.0001 68
1747682289078 0.0001 69
1747682291528 0.0001 70
1747682291915 0.0001 71
1747682293699 0.0001 72
1747682305487 0.0001 73
1747682305997 0.0001 74
1747682306543 0.0001 75
1747682309728 0.0001 76
1747682312117 0.0001 77
1747682312691 0.0001 78
1747682313263 0.0001 79
1747682316232 0.0001 80
1747682318549 0.0001 81
1747682319107 0.0001 82
1747682319703 0.0001 83
1747682321486 0.0001 84
1747682333532 0.0001 85
1747682335653 0.0001 86
1747682336130 0.0001 87
1747682336528 0.0001 88
1747682339285 0.0001 89
1747682341316 0.0001 90
1747682341716 0.0001 91
1747682344085 0.0001 92
1747682344494 0.0001 93
1747682344960 0.0001 94
1747682345580 0.0001 95
1747682347712 0.0001 96
1747682359790 0.0001 97
1747682360372 0.0001 98
1747682361007 0.0001 99
1747682361579 0.0001 100
1747682362596 0.0001 101
1747682363380 0.0001 102
1747682364146 0.0001 103
1747682367256 0.0001 104
1747682367675 0.0001 105
1747682370088 0.0001 106
1747682370507 0.0001 107
1747682370915 0.0001 108
1747682381451 0.0001 109
1747682383570 0.0001 110
1747682386088 0.0001 111
1747682386499 0.0001 112
1747682386949 0.0001 113
1747682387579 0.0001 114
1747682388303 0.0001 115
1747682389067 0.0001 116
1747682389977 0.0001 117
1747682390689 0.0001 118
1747682393283 0.0001 119
1747682393673 0.0001 120
1747682404164 0.0001 121
1747682406322 0.0001 122
1747682408831 0.0001 123
1747682411482 0.0001 124
1747682412013 0.0001 125
1747682412637 0.0001 126
1747682415730 0.0001 127
1747682416323 0.0001 128
1747682416959 0.0001 129
1747682417594 0.0001 130
1747682418470 0.0001 131
1747682419288 0.0001 132
1747682430605 0.0001 133
1747682431037 0.0001 134
1747682433397 0.0001 135
1747682433811 0.0001 136
1747682434233 0.0001 137
1747682434647 0.0001 138
1747682435415 0.0001 139
1747682438534 0.0001 140
1747682439008 0.0001 141
1747682439454 0.0001 142
1747682439985 0.0001 143
1747682442149 0.0001 144
1747682452546 0.0001 145
1747682452971 0.0001 146
1747682453371 0.0001 147
1747682453887 0.0001 148
1747682457252 0.0001 149
1747682458113 0.0001 150
1747682461026 0.0001 151
1747682461513 0.0001 152
1747682461980 0.0001 153
1747682462402 0.0001 154
1747682465445 0.0001 155
1747682465878 0.0001 156
1747682477180 0.0001 157
1747682480608 0.0001 158
1747682481019 0.0001 159
1747682481425 0.0001 160
1747682484284 0.0001 161
1747682484702 0.0001 162
1747682487162 0.0001 163
1747682489247 0.0001 164
1747682489632 0.0001 165
1747682491696 0.0001 166
1747682492062 0.0001 167
1747682492436 0.0001 168
1747682500364 0.0001 169
1747682501189 0.0001 170
1747682503894 0.0001 171
1747682504302 0.0001 172
1747682504699 0.0001 173
1747682505079 0.0001 174
1747682506063 0.0001 175
1747682506742 0.0001 176
1747682509513 0.0001 177
1747682511819 0.0001 178
1747682513546 0.0001 179
1747682513931 0.0001 180
1747682520723 0.0001 181
1747682523366 0.0001 182
1747682525284 0.0001 183
1747682527390 0.0001 184
1747682529239 0.0001 185
1747682529658 0.0001 186
1747682530072 0.0001 187
1747682530450 0.0001 188
1747682531124 0.0001 189
1747682534004 0.0001 190
1747682535563 0.0001 191
1747682535946 0.0001 192
1747682545749 0.0001 193
1747682546147 0.0001 194
1747682546564 0.0001 195
1747682549436 0.0001 196
1747682551293 0.0001 197
1747682551702 0.0001 198
1747682552094 0.0001 199
1747682554819 0.0001 200
1747682555225 0.0001 201
1747682557394 0.0001 202
1747682557785 0.0001 203
1747682559391 0.0001 204
1747682569320 0.0001 205
1747682569726 0.0001 206
1747682571916 0.0001 207
1747682574375 0.0001 208
1747682576221 0.0001 209
1747682576620 0.0001 210
1747682578971 0.0001 211
1747682579387 0.0001 212
1747682579784 0.0001 213
1747682582281 0.0001 214
1747682583887 0.0001 215
1747682585426 0.0001 216
1747682595228 0.0001 217
1747682595635 0.0001 218
1747682596043 0.0001 219
1747682598715 0.0001 220
1747682599096 0.0001 221
1747682599484 0.0001 222
1747682602099 0.0001 223
1747682604110 0.0001 224
1747682604522 0.0001 225
1747682604935 0.0001 226
1747682607112 0.0001 227
1747682608615 0.0001 228
1747682618017 0.0001 229
1747682618410 0.0001 230
1747682618807 0.0001 231
1747682619353 0.0001 232
1747682622208 0.0001 233
1747682622608 0.0001 234
1747682625084 0.0001 235
1747682625486 0.0001 236
1747682625881 0.0001 237
1747682626322 0.0001 238
1747682627293 0.0001 239
1747682628234 0.0001 240
1747682636094 0.0001 241
1747682637026 0.0001 242
1747682637899 0.0001 243
1747682641168 0.0001 244
1747682641577 0.0001 245
1747682644406 0.0001 246
1747682644803 0.0001 247
1747682646948 0.0001 248
1747682647350 0.0001 249
1747682647740 0.0001 250
1747682648155 0.0001 251
1747682648861 0.0001 252
1747682659395 0.0001 253
1747682659790 0.0001 254
1747682660183 0.0001 255
1747682660775 0.0001 256
1747682663589 0.0001 257
1747682665494 0.0001 258
1747682667542 0.0001 259
1747682669604 0.0001 260
1747682670009 0.0001 261
1747682672132 0.0001 262
1747682673611 0.0001 263
1747682675139 0.0001 264
1747682684387 0.0001 265
1747682684779 0.0001 266
1747682687198 0.0001 267
1747682689670 0.0001 268
1747682690072 0.0001 269
1747682692378 0.0001 270
1747682692791 0.0001 271
1747682693183 0.0001 272
1747682693785 0.0001 273
1747682694769 0.0001 274
1747682695708 0.0001 275
1747682697920 0.0001 276
1747682707789 0.0001 277
1747682709849 0.0001 278
1747682710256 0.0001 279
1747682710661 0.0001 280
1747682711041 0.0001 281
1747682711789 0.0001 282
1747682712609 0.0001 283
1747682715759 0.0001 284
1747682716176 0.0001 285
1747682718417 0.0001 286
1747682718796 0.0001 287
1747682720327 0.0001 288
1747682727358 0.0001 289
1747682728102 0.0001 290
1747682728865 0.0001 291
1747682729799 0.0001 292
1747682730687 0.0001 293
1747682731490 0.0001 294
1747682734572 0.0001 295
1747682734968 0.0001 296
1747682735366 0.0001 297
1747682735768 0.0001 298
1747682738319 0.0001 299
1747682739832 0.0001 300
1747682746759 0.0001 301
1747682747518 0.0001 302
1747682750566 0.0001 303
1747682750966 0.0001 304
1747682751367 0.0001 305
1747682751751 0.0001 306
1747682752551 0.0001 307
1747682755689 0.0001 308
1747682757653 0.0001 309
1747682758079 0.0001 310
1747682758495 0.0001 311
1747682758880 0.0001 312
1747682766362 0.0001 313
1747682767236 0.0001 314
1747682770678 0.0001 315
1747682771082 0.0001 316
1747682771484 0.0001 317
1747682771871 0.0001 318
1747682775282 0.0001 319
1747682777225 0.0001 320
1747682779212 0.0001 321
1747682779599 0.0001 322
1747682779992 0.0001 323
1747682780358 0.0001 324
1747682789480 0.0001 325
1747682791587 0.0001 326
1747682793491 0.0001 327
1747682795714 0.0001 328
1747682796097 0.0001 329
1747682798358 0.0001 330
1747682800466 0.0001 331
1747682800874 0.0001 332
1747682801285 0.0001 333
1747682803533 0.0001 334
1747682805088 0.0001 335
1747682805456 0.0001 336
1747682816017 0.0001 337
1747682816436 0.0001 338
1747682818794 0.0001 339
1747682819206 0.0001 340
1747682821936 0.0001 341
1747682822332 0.0001 342
1747682822723 0.0001 343
1747682823166 0.0001 344
1747682824219 0.0001 345
1747682826988 0.0001 346
1747682828668 0.0001 347
1747682830303 0.0001 348
1747682839738 0.0001 349
1747682840142 0.0001 350
1747682840561 0.0001 351
1747682840962 0.0001 352
1747682841707 0.0001 353
1747682844756 0.0001 354
1747682845171 0.0001 355
1747682845581 0.0001 356
1747682846156 0.0001 357
1747682847101 0.0001 358
1747682847841 0.0001 359
1747682848545 0.0001 360
1747682855959 0.0001 361
1747682858676 0.0001 362
1747682859079 0.0001 363
1747682859473 0.0001 364
1747682859985 0.0001 365
1747682862963 0.0001 366
1747682863363 0.0001 367
1747682865746 0.0001 368
1747682867787 0.0001 369
1747682869616 0.0001 370
1747682869993 0.0001 371
1747682871752 0.0001 372
1747682881538 0.0001 373
1747682881940 0.0001 374
1747682882345 0.0001 375
1747682885350 0.0001 376
1747682885746 0.0001 377
1747682888443 0.0001 378
1747682888847 0.0001 379
1747682889252 0.0001 380
1747682889631 0.0001 381
1747682892232 0.0001 382
1747682892635 0.0001 383
1747682893027 0.0001 384
1747682902917 0.0001 385
1747682903345 0.0001 386
1747682905816 0.0001 387
1747682907917 0.0001 388
1747682910065 0.0001 389
1747682910466 0.0001 390
1747682912880 0.0001 391
1747682915160 0.0001 392
1747682915544 0.0001 393
1747682915941 0.0001 394
1747682916494 0.0001 395
1747682917230 0.0001 396
1747682924516 0.0001 397
1747682925463 0.0001 398
1747682926212 0.0001 399
1747682927039 0.0001 400
1747682929672 0.0001 401
1747682930073 0.0001 402
1747682932538 0.0001 403
1747682932936 0.0001 404
1747682935339 0.0001 405
1747682937205 0.0001 406
1747682938835 0.0001 407
1747682940451 0.0001 408
1747682949551 0.0001 409
1747682951578 0.0001 410
1747682951982 0.0001 411
1747682952385 0.0001 412
1747682954843 0.0001 413
1747682957336 0.0001 414
1747682959318 0.0001 415
1747682959739 0.0001 416
1747682960148 0.0001 417
1747682963079 0.0001 418
1747682964795 0.0001 419
1747682965170 0.0001 420
1747682972810 0.0001 421
1747682973498 0.0001 422
1747682974441 0.0001 423
1747682975181 0.0001 424
1747682978056 0.0001 425
1747682978432 0.0001 426
1747682980887 0.0001 427
1747682982843 0.0001 428
1747682983232 0.0001 429
1747682983634 0.0001 430
1747682986008 0.0001 431
1747682986379 0.0001 432
1747682993724 0.0001 433
1747682996249 0.0001 434
1747682996649 0.0001 435
1747682997032 0.0001 436
1747682999860 0.0001 437
1747683001815 0.0001 438
1747683002231 0.0001 439
1747683004683 0.0001 440
1747683007005 0.0001 441
1747683009190 0.0001 442
1747683009553 0.0001 443
1747683009927 0.0001 444
1747683019690 0.0001 445
1747683020092 0.0001 446
1747683020483 0.0001 447
1747683020910 0.0001 448
1747683021768 0.0001 449
1747683024992 0.0001 450
1747683025396 0.0001 451
1747683025816 0.0001 452
1747683026486 0.0001 453
1747683029841 0.0001 454
1747683030207 0.0001 455
1747683031844 0.0001 456
1747683041998 0.0001 457
1747683042383 0.0001 458
1747683042784 0.0001 459
1747683043357 0.0001 460
1747683046481 0.0001 461
1747683048380 0.0001 462
1747683050563 0.0001 463
1747683052475 0.0001 464
1747683054470 0.0001 465
1747683054865 0.0001 466
1747683055258 0.0001 467
1747683055644 0.0001 468
1747683063082 0.0001 469
1747683063895 0.0001 470
1747683064620 0.0001 471
1747683065456 0.0001 472
1747683068327 0.0001 473
1747683068724 0.0001 474
1747683069114 0.0001 475
1747683069525 0.0001 476
1747683072513 0.0001 477
1747683072917 0.0001 478
1747683073320 0.0001 479
1747683075149 0.0001 480
1747683085282 0.0001 481
1747683087694 0.0001 482
1747683088097 0.0001 483
1747683088478 0.0001 484
1747683091261 0.0001 485
1747683091694 0.0001 486
1747683092096 0.0001 487
1747683092717 0.0001 488
1747683093638 0.0001 489
1747683096783 0.0001 490
1747683098377 0.0001 491
1747683098758 0.0001 492
1747683108449 0.0001 493
1747683108831 0.0001 494
1747683111270 0.0001 495
1747683111681 0.0001 496
1747683114299 0.0001 497
1747683116342 0.0001 498
1747683118456 0.0001 499
1747683118860 0.0001 500
1747683119260 0.0001 501
1747683119640 0.0001 502
1747683120581 0.0001 503
1747683121317 0.0001 504
1747683129363 0.0001 505
1747683132670 0.0001 506
1747683134748 0.0001 507
1747683135139 0.0001 508
1747683135533 0.0001 509
1747683136103 0.0001 510
1747683137019 0.0001 511
1747683140288 0.0001 512
1747683140706 0.0001 513
1747683141086 0.0001 514
1747683141535 0.0001 515
1747683142304 0.0001 516
1747683149776 0.0001 517
1747683150595 0.0001 518
1747683153455 0.0001 519
1747683155871 0.0001 520
1747683156278 0.0001 521
1747683156682 0.0001 522
1747683157254 0.0001 523
1747683160305 0.0001 524
1747683160728 0.0001 525
1747683161117 0.0001 526
1747683161736 0.0001 527
1747683162479 0.0001 528
1747683171938 0.0001 529
1747683173910 0.0001 530
1747683174303 0.0001 531
1747683176800 0.0001 532
1747683177194 0.0001 533
1747683179404 0.0001 534
1747683181378 0.0001 535
1747683183498 0.0001 536
1747683183887 0.0001 537
1747683186326 0.0001 538
1747683188135 0.0001 539
1747683188538 0.0001 540
1747683196312 0.0001 541
1747683196998 0.0001 542
1747683199947 0.0001 543
1747683200343 0.0001 544
1747683202424 0.0001 545
1747683204443 0.0001 546
1747683204847 0.0001 547
1747683205237 0.0001 548
1747683208048 0.0001 549
1747683208458 0.0001 550
1747683210542 0.0001 551
1747683210915 0.0001 552
1747683218230 0.0001 553
1747683221463 0.0001 554
1747683221851 0.0001 555
1747683224316 0.0001 556
1747683224717 0.0001 557
1747683225101 0.0001 558
1747683225523 0.0001 559
1747683226290 0.0001 560
1747683227077 0.0001 561
1747683229963 0.0001 562
1747683230330 0.0001 563
1747683231947 0.0001 564
1747683239251 0.0001 565
1747683240006 0.0001 566
1747683240798 0.0001 567
1747683241715 0.0001 568
1747683242634 0.0001 569
1747683243401 0.0001 570
1747683244150 0.0001 571
1747683246974 0.0001 572
1747683247359 0.0001 573
1747683249677 0.0001 574
1747683250069 0.0001 575
1747683250443 0.0001 576
1747683258164 0.0001 577
1747683258892 0.0001 578
1747683259641 0.0001 579
1747683260551 0.0001 580
1747683261326 0.0001 581
1747683262131 0.0001 582
1747683262882 0.0001 583
1747683265805 0.0001 584
1747683267781 0.0001 585
1747683268191 0.0001 586
1747683270006 0.0001 587
1747683270382 0.0001 588
1747683277547 0.0001 589
1747683280191 0.0001 590
1747683280642 0.0001 591
1747683281038 0.0001 592
1747683281436 0.0001 593
1747683282146 0.0001 594
1747683282960 0.0001 595
1747683286218 0.0001 596
1747683286615 0.0001 597
1747683288895 0.0001 598
1747683290480 0.0001 599
1747683290849 0.0001 600
