1747682162570 0.0005646417266689241 1
1747682170213 0.0017186310142278671 1
1747682187843 0.0896223708987236 2
1747682208103 0.03867798298597336 3
1747682229906 0.03329305723309517 4
1747682265389 0.07997719943523407 5
1747682293706 0.05681353807449341 6
1747682321494 0.0786411389708519 7
1747682347721 0.13181377947330475 8
1747682370921 0.03144078329205513 9
1747682393680 0.04931424930691719 10
1747682419295 0.16379152238368988 11
1747682442155 0.04189154505729675 12
1747682465886 0.028092414140701294 13
1747682492442 0.0 14
1747682513942 0.00014607069897465408 15
1747682535951 0.0 16
1747682559398 0.1266101896762848 17
1747682585432 0.2546035349369049 18
1747682608622 0.1268031746149063 19
1747682628240 0.04839964583516121 20
1747682648867 0.08614450693130493 21
1747682675147 0.0692351832985878 22
1747682697926 0.0980568528175354 23
1747682720336 0.18131576478481293 24
1747682739838 0.0 25
1747682758887 0.03975920379161835 26
1747682780366 0.06993431597948074 27
1747682805462 0.2210448533296585 28
1747682830308 0.133395716547966 29
1747682848551 0.03582554683089256 30
1747682871761 0.0 31
1747682893034 0.0 32
1747682917236 0.17645417153835297 33
1747682940459 0.08806338906288147 34
1747682965175 0.13449330627918243 35
1747682986388 0.0 36
1747683009936 0.0844598188996315 37
1747683031849 0.04195423051714897 38
1747683055651 0.12782056629657745 39
1747683075161 0.0 40
1747683098765 0.04632945358753204 41
1747683121322 0.04081972688436508 42
1747683142311 0.05319749936461449 43
1747683162485 0.006262042094022036 44
1747683188548 0.09366808086633682 45
1747683210920 0.12566600739955902 46
1747683231953 0.04069996252655983 47
1747683250448 0.0 48
1747683270388 0.0 49
1747683290855 0.0433560349047184 50
