1747682162570 0.8062551617622375 1
1747682170213 0.6362895965576172 1
1747682187843 0.7103955149650574 2
1747682208103 0.7646180987358093 3
1747682229906 0.8223422169685364 4
1747682265389 0.8109702467918396 5
1747682293706 0.813089907169342 6
1747682321494 0.697020947933197 7
1747682347721 0.774456799030304 8
1747682370921 0.7808685302734375 9
1747682393680 0.8271328806877136 10
1747682419295 0.830452024936676 11
1747682442155 0.7816693186759949 12
1747682465886 0.7697609066963196 13
1747682492442 0.8271129727363586 14
1747682513942 0.8360767960548401 15
1747682535951 0.8501264452934265 16
1747682559398 0.8442606925964355 17
1747682585432 0.8637657761573792 18
1747682608622 0.8363029360771179 19
1747682628240 0.8548511862754822 20
1747682648867 0.8613481521606445 21
1747682675147 0.8503097891807556 22
1747682697926 0.8450536727905273 23
1747682720336 0.8675620555877686 24
1747682739838 0.8663265109062195 25
1747682758887 0.8451991081237793 26
1747682780366 0.8938400149345398 27
1747682805462 0.8807310461997986 28
1747682830308 0.8747751712799072 29
1747682848551 0.8390732407569885 30
1747682871761 0.8314749598503113 31
1747682893034 0.8418262600898743 32
1747682917236 0.8257064819335938 33
1747682940459 0.8232737183570862 34
1747682965175 0.8732943534851074 35
1747682986388 0.8723418712615967 36
1747683009936 0.8748602271080017 37
1747683031849 0.8821406960487366 38
1747683055651 0.8371233940124512 39
1747683075161 0.8792037963867188 40
1747683098765 0.8759166598320007 41
1747683121322 0.8721969723701477 42
1747683142311 0.8771862983703613 43
1747683162485 0.8954684734344482 44
1747683188548 0.8923484683036804 45
1747683210920 0.8376819491386414 46
1747683231953 0.8868712782859802 47
1747683250448 0.8704546093940735 48
1747683270388 0.8666847348213196 49
1747683290855 0.8837900161743164 50
