1747682162570 0.5370726585388184 1
1747682187843 0.5237039923667908 2
1747682208103 0.5315600633621216 3
1747682229906 0.5606117844581604 4
1747682265389 0.5734707713127136 5
1747682293706 0.5682700276374817 6
1747682321494 0.5120038986206055 7
1747682347721 0.5666904449462891 8
1747682370921 0.549775242805481 9
1747682393680 0.5721888542175293 10
1747682419295 0.6115579605102539 11
1747682442155 0.5564334988594055 12
1747682465886 0.5279386639595032 13
1747682492442 0.5607956647872925 14
1747682513942 0.5635458827018738 15
1747682535951 0.5627539753913879 16
1747682559398 0.6094911098480225 17
1747682585432 0.6597538590431213 18
1747682608622 0.6096238493919373 19
1747682628240 0.5888045430183411 20
1747682648867 0.6035982966423035 21
1747682675147 0.5908822417259216 22
1747682697926 0.5981380343437195 23
1747682720336 0.6415293216705322 24
1747682739838 0.5798608660697937 25
1747682758887 0.5767035484313965 26
1747682780366 0.618048906326294 27
1747682805462 0.6610561013221741 28
1747682830308 0.6303784251213074 29
1747682848551 0.5771165490150452 30
1747682871761 0.5618632435798645 31
1747682893034 0.5610538721084595 32
1747682917236 0.6168095469474792 33
1747682940459 0.5877966284751892 34
1747682965175 0.6299942135810852 35
1747682986388 0.5818730592727661 36
1747683009936 0.6150195598602295 37
1747683031849 0.5995446443557739 38
1747683055651 0.6079372763633728 39
1747683075161 0.5874858498573303 40
1747683098765 0.6027064919471741 41
1747683121322 0.6016536355018616 42
1747683142311 0.6058152318000793 43
1747683162485 0.6004253029823303 44
1747683188548 0.628467321395874 45
1747683210920 0.6088674664497375 46
1747683231953 0.6117982864379883 47
1747683250448 0.5849047303199768 48
1747683270388 0.5863901972770691 49
1747683290855 0.607454240322113 50
