1747850495947 0.9373931288719177 1
1747850522591 0.8427925705909729 1
1747850593819 0.9336227178573608 2
1747850696630 0.9367699027061462 3
1747850801640 0.9372514486312866 4
1747850897552 0.9427363872528076 5
1747850994076 0.9389580488204956 6
1747851090325 0.9474360346794128 7
1747851188491 0.9470645189285278 8
1747851288568 0.9468387365341187 9
1747851390696 0.9448010921478271 10
1747851490960 0.9464671015739441 11
1747851589140 0.9505120515823364 12
1747851684398 0.9516103863716125 13
1747851784141 0.9488902688026428 14
1747851885151 0.9502179026603699 15
1747851986440 0.9470742344856262 16
1747852092920 0.9430531859397888 17
1747852198118 0.9415943026542664 18
1747852294957 0.9249419569969177 19
1747852385183 0.9439408183097839 20
1747852481981 0.9438331127166748 21
1747852580911 0.9436913728713989 22
1747852687215 0.9491792321205139 23
1747852780027 0.9510155320167542 24
1747852873459 0.9493006467819214 25
1747852972391 0.9514077305793762 26
1747853074069 0.947576105594635 27
1747853167706 0.9531193971633911 28
1747853261134 0.9519184827804565 29
1747853347705 0.9522995352745056 30
1747853439809 0.9541924595832825 31
1747853537858 0.9516909122467041 32
1747853635955 0.9511553645133972 33
1747853735836 0.9471141695976257 34
1747853827091 0.9503462910652161 35
1747853925299 0.9486566185951233 36
1747854028580 0.9436569213867188 37
1747854130950 0.948443591594696 38
1747854228565 0.9568819999694824 39
1747854334051 0.9540812373161316 40
1747854432049 0.9476225972175598 41
1747854527896 0.9514765739440918 42
1747854623185 0.9575167298316956 43
1747854719516 0.9558119773864746 44
1747854818073 0.9570150971412659 45
1747854920735 0.9533874988555908 46
1747855021039 0.9448158144950867 47
1747855120485 0.9527526497840881 48
1747855224018 0.9548872709274292 49
1747855325520 0.9511820673942566 50
