1747850424670 0.0001 1
1747850425072 0.0001 2
1747850427192 0.0001 3
1747850427594 0.0001 4
1747850427989 0.0001 5
1747850430824 0.0001 6
1747850431208 0.0001 7
1747850431570 0.0001 8
1747850432059 0.0001 9
1747850432775 0.0001 10
1747850433590 0.0001 11
1747850436141 0.0001 12
1747850436515 0.0001 13
1747850436919 0.0001 14
1747850437293 0.0001 15
1747850438089 0.0001 16
1747850441059 0.0001 17
1747850443124 0.0001 18
1747850443490 0.0001 19
1747850443889 0.0001 20
1747850444256 0.0001 21
1747850447343 0.0001 22
1747850447720 0.0001 23
1747850448109 0.0001 24
1747850448495 0.0001 25
1747850451656 0.0001 26
1747850453950 0.0001 27
1747850455726 0.0001 28
1747850457695 0.0001 29
1747850459688 0.0001 30
1747850460067 0.0001 31
1747850460485 0.0001 32
1747850463021 0.0001 33
1747850465003 0.0001 34
1747850465366 0.0001 35
1747850465745 0.0001 36
1747850468641 0.0001 37
1747850469021 0.0001 38
1747850471771 0.0001 39
1747850473689 0.0001 40
1747850475583 0.0001 41
1747850475959 0.0001 42
1747850476355 0.0001 43
1747850476786 0.0001 44
1747850477561 0.0001 45
1747850478371 0.0001 46
1747850479096 0.0001 47
1747850479864 0.0001 48
1747850480756 0.0001 49
1747850481803 0.0001 50
1747850482506 0.0001 51
1747850485639 0.0001 52
1747850486034 0.0001 53
1747850486433 0.0001 54
1747850487071 0.0001 55
1747850490425 0.0001 56
1747850490811 0.0001 57
1747850492850 0.0001 58
1747850493236 0.0001 59
1747850493618 0.0001 60
1747850495549 0.0001 61
1747850495878 0.0001 62
1747850526823 0.0001 63
1747850528739 0.0001 64
1747850529115 0.0001 65
1747850529465 0.0001 66
1747850529962 0.0001 67
1747850530660 0.0001 68
1747850533812 0.0001 69
1747850534178 0.0001 70
1747850534522 0.0001 71
1747850537431 0.0001 72
1747850537782 0.0001 73
1747850539956 0.0001 74
1747850540318 0.0001 75
1747850540687 0.0001 76
1747850541032 0.0001 77
1747850541846 0.0001 78
1747850542506 0.0001 79
1747850543206 0.0001 80
1747850545696 0.0001 81
1747850546065 0.0001 82
1747850546410 0.0001 83
1747850546809 0.0001 84
1747850550000 0.0001 85
1747850551938 0.0001 86
1747850552297 0.0001 87
1747850552677 0.0001 88
1747850553023 0.0001 89
1747850553824 0.0001 90
1747850554528 0.0001 91
1747850555229 0.0001 92
1747850558389 0.0001 93
1747850560201 0.0001 94
1747850560565 0.0001 95
1747850562507 0.0001 96
1747850562870 0.0001 97
1747850563249 0.0001 98
1747850565978 0.0001 99
1747850566335 0.0001 100
1747850568814 0.0001 101
1747850569169 0.0001 102
1747850569550 0.0001 103
1747850569910 0.0001 104
1747850570770 0.0001 105
1747850573815 0.0001 106
1747850575717 0.0001 107
1747850577697 0.0001 108
1747850578056 0.0001 109
1747850580527 0.0001 110
1747850582422 0.0001 111
1747850582788 0.0001 112
1747850584811 0.0001 113
1747850585160 0.0001 114
1747850585538 0.0001 115
1747850586014 0.0001 116
1747850588807 0.0001 117
1747850589160 0.0001 118
1747850589533 0.0001 119
1747850590041 0.0001 120
1747850592538 0.0001 121
1747850592894 0.0001 122
1747850593251 0.0001 123
1747850593811 0.0001 124
1747850623945 0.0001 125
1747850625714 0.0001 126
1747850626078 0.0001 127
1747850627960 0.0001 128
1747850628323 0.0001 129
1747850630372 0.0001 130
1747850632142 0.0001 131
1747850632505 0.0001 132
1747850632861 0.0001 133
1747850633241 0.0001 134
1747850633922 0.0001 135
1747850634612 0.0001 136
1747850635298 0.0001 137
1747850638176 0.0001 138
1747850640249 0.0001 139
1747850640601 0.0001 140
1747850640960 0.0001 141
1747850643156 0.0001 142
1747850644878 0.0001 143
1747850646609 0.0001 144
1747850648429 0.0001 145
1747850648793 0.0001 146
1747850650734 0.0001 147
1747850651092 0.0001 148
1747850651439 0.0001 149
1747850654380 0.0001 150
1747850656006 0.0001 151
1747850657990 0.0001 152
1747850659887 0.0001 153
1747850661880 0.0001 154
1747850662238 0.0001 155
1747850662593 0.0001 156
1747850662953 0.0001 157
1747850663685 0.0001 158
1747850664623 0.0001 159
1747850667768 0.0001 160
1747850669645 0.0001 161
1747850671608 0.0001 162
1747850671962 0.0001 163
1747850672335 0.0001 164
1747850674889 0.0001 165
1747850675240 0.0001 166
1747850675613 0.0001 167
1747850675957 0.0001 168
1747850676628 0.0001 169
1747850677468 0.0001 170
1747850678146 0.0001 171
1747850678843 0.0001 172
1747850681971 0.0001 173
1747850682341 0.0001 174
1747850684559 0.0001 175
1747850684912 0.0001 176
1747850685285 0.0001 177
1747850687996 0.0001 178
1747850688343 0.0001 179
1747850690168 0.0001 180
1747850690534 0.0001 181
1747850692589 0.0001 182
1747850694348 0.0001 183
1747850694706 0.0001 184
1747850695064 0.0001 185
1747850696625 0.0001 186
1747850725273 0.0001 187
1747850725632 0.0001 188
1747850725985 0.0001 189
1747850728034 0.0001 190
1747850730009 0.0001 191
1747850732088 0.0001 192
1747850734004 0.0001 193
1747850734382 0.0001 194
1747850736939 0.0001 195
1747850739026 0.0001 196
1747850739392 0.0001 197
1747850741475 0.0001 198
1747850743549 0.0001 199
1747850745497 0.0001 200
1747850745879 0.0001 201
1747850747893 0.0001 202
1747850748252 0.0001 203
1747850748620 0.0001 204
1747850749151 0.0001 205
1747850750019 0.0001 206
1747850750768 0.0001 207
1747850753941 0.0001 208
1747850756072 0.0001 209
1747850756418 0.0001 210
1747850756792 0.0001 211
1747850759050 0.0001 212
1747850759450 0.0001 213
1747850761834 0.0001 214
1747850762194 0.0001 215
1747850764289 0.0001 216
1747850765908 0.0001 217
1747850767789 0.0001 218
1747850769679 0.0001 219
1747850770038 0.0001 220
1747850770402 0.0001 221
1747850770930 0.0001 222
1747850771618 0.0001 223
1747850772398 0.0001 224
1747850773178 0.0001 225
1747850776474 0.0001 226
1747850778297 0.0001 227
1747850780121 0.0001 228
1747850780479 0.0001 229
1747850782358 0.0001 230
1747850782748 0.0001 231
1747850783091 0.0001 232
1747850783719 0.0001 233
1747850786724 0.0001 234
1747850787068 0.0001 235
1747850787440 0.0001 236
1747850787784 0.0001 237
1747850790528 0.0001 238
1747850790880 0.0001 239
1747850793111 0.0001 240
1747850793481 0.0001 241
1747850793827 0.0001 242
1747850796530 0.0001 243
1747850798461 0.0001 244
1747850800559 0.0001 245
1747850800929 0.0001 246
1747850801299 0.0001 247
1747850801632 0.0001 248
1747850828112 0.0001 249
1747850830575 0.0001 250
1747850830939 0.0001 251
1747850833486 0.0001 252
1747850833840 0.0001 253
1747850835748 0.0001 254
1747850836121 0.0001 255
1747850836491 0.0001 256
1747850836872 0.0001 257
1747850837598 0.0001 258
1747850838302 0.0001 259
1747850838989 0.0001 260
1747850839677 0.0001 261
1747850842457 0.0001 262
1747850842814 0.0001 263
1747850845316 0.0001 264
1747850847348 0.0001 265
1747850847710 0.0001 266
1747850849682 0.0001 267
1747850850044 0.0001 268
1747850852045 0.0001 269
1747850852406 0.0001 270
1747850852752 0.0001 271
1747850853186 0.0001 272
1747850853917 0.0001 273
1747850856475 0.0001 274
1747850856842 0.0001 275
1747850859328 0.0001 276
1747850861058 0.0001 277
1747850862985 0.0001 278
1747850863328 0.0001 279
1747850863691 0.0001 280
1747850866523 0.0001 281
1747850866889 0.0001 282
1747850868836 0.0001 283
1747850870877 0.0001 284
1747850871233 0.0001 285
1747850871596 0.0001 286
1747850874110 0.0001 287
1747850874497 0.0001 288
1747850874842 0.0001 289
1747850875314 0.0001 290
1747850877732 0.0001 291
1747850878099 0.0001 292
1747850878452 0.0001 293
1747850881545 0.0001 294
1747850881897 0.0001 295
1747850882256 0.0001 296
1747850882621 0.0001 297
1747850883339 0.0001 298
1747850884046 0.0001 299
1747850884935 0.0001 300
1747850885892 0.0001 301
1747850888669 0.0001 302
1747850891087 0.0001 303
1747850892760 0.0001 304
1747850893123 0.0001 305
1747850893482 0.0001 306
1747850893844 0.0001 307
1747850894766 0.0001 308
1747850897203 0.0001 309
1747850897544 0.0001 310
1747850925564 0.0001 311
1747850925937 0.0001 312
1747850926302 0.0001 313
1747850926671 0.0001 314
1747850927361 0.0001 315
1747850928277 0.0001 316
1747850928956 0.0001 317
1747850931803 0.0001 318
1747850933793 0.0001 319
1747850935582 0.0001 320
1747850937526 0.0001 321
1747850937892 0.0001 322
1747850940313 0.0001 323
1747850940674 0.0001 324
1747850943282 0.0001 325
1747850945496 0.0001 326
1747850945852 0.0001 327
1747850947972 0.0001 328
1747850948320 0.0001 329
1747850948695 0.0001 330
1747850949233 0.0001 331
1747850950060 0.0001 332
1747850952856 0.0001 333
1747850953244 0.0001 334
1747850953616 0.0001 335
1747850953978 0.0001 336
1747850954769 0.0001 337
1747850955528 0.0001 338
1747850956187 0.0001 339
1747850958936 0.0001 340
1747850959286 0.0001 341
1747850959661 0.0001 342
1747850960062 0.0001 343
1747850960794 0.0001 344
1747850963448 0.0001 345
1747850963825 0.0001 346
1747850966447 0.0001 347
1747850966808 0.0001 348
1747850967189 0.0001 349
1747850967693 0.0001 350
1747850968370 0.0001 351
1747850970795 0.0001 352
1747850971155 0.0001 353
1747850973227 0.0001 354
1747850973603 0.0001 355
1747850975624 0.0001 356
1747850975980 0.0001 357
1747850976342 0.0001 358
1747850976911 0.0001 359
1747850979899 0.0001 360
1747850980249 0.0001 361
1747850982896 0.0001 362
1747850984602 0.0001 363
1747850986461 0.0001 364
1747850986809 0.0001 365
1747850987172 0.0001 366
1747850987796 0.0001 367
1747850988682 0.0001 368
1747850991609 0.0001 369
1747850991985 0.0001 370
1747850992352 0.0001 371
1747850994066 0.0001 372
1747851020495 0.0001 373
1747851021184 0.0001 374
1747851022047 0.0001 375
1747851022845 0.0001 376
1747851025580 0.0001 377
1747851027598 0.0001 378
1747851027957 0.0001 379
1747851028315 0.0001 380
1747851028835 0.0001 381
1747851029623 0.0001 382
1747851030359 0.0001 383
1747851031298 0.0001 384
1747851032151 0.0001 385
1747851032832 0.0001 386
1747851035836 0.0001 387
1747851037852 0.0001 388
1747851038222 0.0001 389
1747851038585 0.0001 390
1747851039181 0.0001 391
1747851039911 0.0001 392
1747851042485 0.0001 393
1747851044155 0.0001 394
1747851045837 0.0001 395
1747851046212 0.0001 396
1747851046589 0.0001 397
1747851046974 0.0001 398
1747851049751 0.0001 399
1747851050129 0.0001 400
1747851050493 0.0001 401
1747851050856 0.0001 402
1747851051691 0.0001 403
1747851054598 0.0001 404
1747851056341 0.0001 405
1747851056712 0.0001 406
1747851057092 0.0001 407
1747851059635 0.0001 408
1747851059997 0.0001 409
1747851062426 0.0001 410
1747851062799 0.0001 411
1747851063157 0.0001 412
1747851063748 0.0001 413
1747851064409 0.0001 414
1747851065166 0.0001 415
1747851067998 0.0001 416
1747851070023 0.0001 417
1747851070369 0.0001 418
1747851072477 0.0001 419
1747851072850 0.0001 420
1747851073199 0.0001 421
1747851075858 0.0001 422
1747851076235 0.0001 423
1747851076613 0.0001 424
1747851078835 0.0001 425
1747851079205 0.0001 426
1747851079578 0.0001 427
1747851082140 0.0001 428
1747851084001 0.0001 429
1747851085973 0.0001 430
1747851088100 0.0001 431
1747851088455 0.0001 432
1747851088818 0.0001 433
1747851090320 0.0001 434
1747851117432 0.0001 435
1747851120171 0.0001 436
1747851120561 0.0001 437
1747851120930 0.0001 438
1747851123763 0.0001 439
1747851125632 0.0001 440
1747851125983 0.0001 441
1747851128131 0.0001 442
1747851128487 0.0001 443
1747851130819 0.0001 444
1747851132660 0.0001 445
1747851133024 0.0001 446
1747851133391 0.0001 447
1747851135652 0.0001 448
1747851136005 0.0001 449
1747851138497 0.0001 450
1747851138849 0.0001 451
1747851139219 0.0001 452
1747851139570 0.0001 453
1747851140441 0.0001 454
1747851141201 0.0001 455
1747851141996 0.0001 456
1747851145091 0.0001 457
1747851147112 0.0001 458
1747851148937 0.0001 459
1747851149306 0.0001 460
1747851149659 0.0001 461
1747851150031 0.0001 462
1747851153198 0.0001 463
1747851153577 0.0001 464
1747851153926 0.0001 465
1747851154465 0.0001 466
1747851155190 0.0001 467
1747851155858 0.0001 468
1747851156561 0.0001 469
1747851157427 0.0001 470
1747851160178 0.0001 471
1747851161889 0.0001 472
1747851162239 0.0001 473
1747851164311 0.0001 474
1747851164655 0.0001 475
1747851165013 0.0001 476
1747851165396 0.0001 477
1747851168214 0.0001 478
1747851170240 0.0001 479
1747851170610 0.0001 480
1747851172680 0.0001 481
1747851173046 0.0001 482
1747851173418 0.0001 483
1747851173780 0.0001 484
1747851176528 0.0001 485
1747851178693 0.0001 486
1747851180653 0.0001 487
1747851182515 0.0001 488
1747851182882 0.0001 489
1747851183260 0.0001 490
1747851183601 0.0001 491
1747851184311 0.0001 492
1747851185008 0.0001 493
1747851187773 0.0001 494
1747851188139 0.0001 495
1747851188483 0.0001 496
1747851217694 0.0001 497
1747851219697 0.0001 498
1747851221397 0.0001 499
1747851221758 0.0001 500
1747851224182 0.0001 501
1747851225977 0.0001 502
1747851226342 0.0001 503
1747851226687 0.0001 504
1747851229179 0.0001 505
1747851230987 0.0001 506
1747851231340 0.0001 507
1747851231699 0.0001 508
1747851232040 0.0001 509
1747851234952 0.0001 510
1747851235333 0.0001 511
1747851235683 0.0001 512
1747851238557 0.0001 513
1747851240472 0.0001 514
1747851240828 0.0001 515
1747851241183 0.0001 516
1747851241686 0.0001 517
1747851244171 0.0001 518
1747851244575 0.0001 519
1747851244927 0.0001 520
1747851247738 0.0001 521
1747851248091 0.0001 522
1747851248469 0.0001 523
1747851250676 0.0001 524
1747851252685 0.0001 525
1747851254733 0.0001 526
1747851257002 0.0001 527
1747851257375 0.0001 528
1747851260155 0.0001 529
1747851260518 0.0001 530
1747851262610 0.0001 531
1747851264296 0.0001 532
1747851264658 0.0001 533
1747851265018 0.0001 534
1747851265409 0.0001 535
1747851266095 0.0001 536
1747851266802 0.0001 537
1747851267709 0.0001 538
1747851270191 0.0001 539
1747851272102 0.0001 540
1747851272453 0.0001 541
1747851272807 0.0001 542
1747851274791 0.0001 543
1747851275175 0.0001 544
1747851275541 0.0001 545
1747851278149 0.0001 546
1747851278524 0.0001 547
1747851278864 0.0001 548
1747851279414 0.0001 549
1747851280240 0.0001 550
1747851281062 0.0001 551
1747851281912 0.0001 552
1747851284950 0.0001 553
1747851285308 0.0001 554
1747851285682 0.0001 555
1747851287849 0.0001 556
1747851288203 0.0001 557
1747851288560 0.0001 558
1747851316329 0.0001 559
1747851318796 0.0001 560
1747851319143 0.0001 561
1747851321306 0.0001 562
1747851323263 0.0001 563
1747851325079 0.0001 564
1747851325437 0.0001 565
1747851327750 0.0001 566
1747851328118 0.0001 567
1747851330027 0.0001 568
1747851331715 0.0001 569
1747851332079 0.0001 570
1747851332450 0.0001 571
1747851332817 0.0001 572
1747851335722 0.0001 573
1747851337748 0.0001 574
1747851338113 0.0001 575
1747851338479 0.0001 576
1747851339089 0.0001 577
1747851339870 0.0001 578
1747851342583 0.0001 579
1747851342938 0.0001 580
1747851343309 0.0001 581
1747851345462 0.0001 582
1747851345844 0.0001 583
1747851346218 0.0001 584
1747851346558 0.0001 585
1747851349295 0.0001 586
1747851351382 0.0001 587
1747851351747 0.0001 588
1747851352116 0.0001 589
1747851352563 0.0001 590
1747851355643 0.0001 591
1747851356017 0.0001 592
1747851356379 0.0001 593
1747851359048 0.0001 594
1747851359414 0.0001 595
1747851359778 0.0001 596
1747851362704 0.0001 597
1747851363052 0.0001 598
1747851365060 0.0001 599
1747851366786 0.0001 600
1747851368621 0.0001 601
1747851368988 0.0001 602
1747851371083 0.0001 603
1747851373078 0.0001 604
1747851374954 0.0001 605
1747851375335 0.0001 606
1747851377618 0.0001 607
1747851377971 0.0001 608
1747851378331 0.0001 609
1747851378670 0.0001 610
1747851379472 0.0001 611
1747851381828 0.0001 612
1747851383732 0.0001 613
1747851385639 0.0001 614
1747851386014 0.0001 615
1747851386374 0.0001 616
1747851388562 0.0001 617
1747851388937 0.0001 618
1747851390360 0.0001 619
1747851390691 0.0001 620
1747851419537 0.0001 621
1747851421251 0.0001 622
1747851421615 0.0001 623
1747851421988 0.0001 624
1747851422379 0.0001 625
1747851423091 0.0001 626
1747851426065 0.0001 627
1747851426435 0.0001 628
1747851426823 0.0001 629
1747851427281 0.0001 630
1747851428065 0.0001 631
1747851430708 0.0001 632
1747851431069 0.0001 633
1747851431420 0.0001 634
1747851433559 0.0001 635
1747851435201 0.0001 636
1747851437020 0.0001 637
1747851438905 0.0001 638
1747851440693 0.0001 639
1747851441052 0.0001 640
1747851441434 0.0001 641
1747851443528 0.0001 642
1747851445399 0.0001 643
1747851447318 0.0001 644
1747851447679 0.0001 645
1747851450141 0.0001 646
1747851451824 0.0001 647
1747851453655 0.0001 648
1747851454014 0.0001 649
1747851455998 0.0001 650
1747851456369 0.0001 651
1747851458730 0.0001 652
1747851460524 0.0001 653
1747851462380 0.0001 654
1747851462731 0.0001 655
1747851463104 0.0001 656
1747851463451 0.0001 657
1747851464075 0.0001 658
1747851467223 0.0001 659
1747851467586 0.0001 660
1747851467955 0.0001 661
1747851470439 0.0001 662
1747851472218 0.0001 663
1747851472585 0.0001 664
1747851474505 0.0001 665
1747851474871 0.0001 666
1747851475252 0.0001 667
1747851475595 0.0001 668
1747851476225 0.0001 669
1747851476855 0.0001 670
1747851477544 0.0001 671
1747851480264 0.0001 672
1747851482034 0.0001 673
1747851482385 0.0001 674
1747851482751 0.0001 675
1747851483285 0.0001 676
1747851486205 0.0001 677
1747851486576 0.0001 678
1747851488822 0.0001 679
1747851489190 0.0001 680
1747851489547 0.0001 681
1747851490954 0.0001 682
1747851519420 0.0001 683
1747851521268 0.0001 684
1747851523277 0.0001 685
1747851523644 0.0001 686
1747851523994 0.0001 687
1747851524335 0.0001 688
1747851525028 0.0001 689
1747851525661 0.0001 690
1747851526320 0.0001 691
1747851526972 0.0001 692
1747851527783 0.0001 693
1747851528465 0.0001 694
1747851529092 0.0001 695
1747851529748 0.0001 696
1747851532660 0.0001 697
1747851533025 0.0001 698
1747851533371 0.0001 699
1747851535289 0.0001 700
1747851535658 0.0001 701
1747851536032 0.0001 702
1747851538205 0.0001 703
1747851538567 0.0001 704
1747851540471 0.0001 705
1747851540844 0.0001 706
1747851543093 0.0001 707
1747851543445 0.0001 708
1747851543817 0.0001 709
1747851546202 0.0001 710
1747851546571 0.0001 711
1747851548380 0.0001 712
1747851548744 0.0001 713
1747851549115 0.0001 714
1747851551663 0.0001 715
1747851552024 0.0001 716
1747851554266 0.0001 717
1747851556346 0.0001 718
1747851558541 0.0001 719
1747851558898 0.0001 720
1747851561002 0.0001 721
1747851563053 0.0001 722
1747851564812 0.0001 723
1747851565164 0.0001 724
1747851565533 0.0001 725
1747851565879 0.0001 726
1747851566671 0.0001 727
1747851567459 0.0001 728
1747851570388 0.0001 729
1747851570747 0.0001 730
1747851573076 0.0001 731
1747851575134 0.0001 732
1747851576869 0.0001 733
1747851578593 0.0001 734
1747851578963 0.0001 735
1747851579333 0.0001 736
1747851581714 0.0001 737
1747851582083 0.0001 738
1747851582434 0.0001 739
1747851582929 0.0001 740
1747851585573 0.0001 741
1747851585947 0.0001 742
1747851587561 0.0001 743
1747851589133 0.0001 744
1747851617709 0.0001 745
1747851618078 0.0001 746
1747851619984 0.0001 747
1747851622029 0.0001 748
1747851624052 0.0001 749
1747851626068 0.0001 750
1747851627795 0.0001 751
1747851628156 0.0001 752
1747851630214 0.0001 753
1747851630565 0.0001 754
1747851630920 0.0001 755
1747851631263 0.0001 756
1747851631900 0.0001 757
1747851632744 0.0001 758
1747851633395 0.0001 759
1747851634084 0.0001 760
1747851637019 0.0001 761
1747851637390 0.0001 762
1747851639323 0.0001 763
1747851639689 0.0001 764
1747851641931 0.0001 765
1747851644007 0.0001 766
1747851644387 0.0001 767
1747851644731 0.0001 768
1747851647453 0.0001 769
1747851649451 0.0001 770
1747851651473 0.0001 771
1747851651841 0.0001 772
1747851652204 0.0001 773
1747851652695 0.0001 774
1747851653345 0.0001 775
1747851656292 0.0001 776
1747851656669 0.0001 777
1747851658562 0.0001 778
1747851658932 0.0001 779
1747851659295 0.0001 780
1747851659640 0.0001 781
1747851660283 0.0001 782
1747851661093 0.0001 783
1747851661963 0.0001 784
1747851662744 0.0001 785
1747851663389 0.0001 786
1747851664063 0.0001 787
1747851664757 0.0001 788
1747851667557 0.0001 789
1747851669589 0.0001 790
1747851671474 0.0001 791
1747851671843 0.0001 792
1747851673802 0.0001 793
1747851674155 0.0001 794
1747851676124 0.0001 795
1747851676499 0.0001 796
1747851676865 0.0001 797
1747851677224 0.0001 798
1747851677923 0.0001 799
1747851678779 0.0001 800
1747851679578 0.0001 801
1747851680231 0.0001 802
1747851681053 0.0001 803
1747851681697 0.0001 804
1747851682518 0.0001 805
1747851684392 0.0001 806
1747851711460 0.0001 807
1747851712101 0.0001 808
1747851712998 0.0001 809
1747851713845 0.0001 810
1747851714548 0.0001 811
1747851716987 0.0001 812
1747851717337 0.0001 813
1747851717699 0.0001 814
1747851719771 0.0001 815
1747851721675 0.0001 816
1747851722036 0.0001 817
1747851724506 0.0001 818
1747851724871 0.0001 819
1747851725251 0.0001 820
1747851725600 0.0001 821
1747851726225 0.0001 822
1747851727047 0.0001 823
1747851727704 0.0001 824
1747851728506 0.0001 825
1747851729147 0.0001 826
1747851732104 0.0001 827
1747851734004 0.0001 828
1747851735662 0.0001 829
1747851736029 0.0001 830
1747851738619 0.0001 831
1747851738972 0.0001 832
1747851739346 0.0001 833
1747851739696 0.0001 834
1747851740520 0.0001 835
1747851743576 0.0001 836
1747851743946 0.0001 837
1747851744314 0.0001 838
1747851744698 0.0001 839
1747851745427 0.0001 840
1747851746220 0.0001 841
1747851746880 0.0001 842
1747851749626 0.0001 843
1747851749979 0.0001 844
1747851750349 0.0001 845
1747851753000 0.0001 846
1747851753368 0.0001 847
1747851753722 0.0001 848
1747851756429 0.0001 849
1747851758384 0.0001 850
1747851758748 0.0001 851
1747851761088 0.0001 852
1747851762766 0.0001 853
1747851764635 0.0001 854
1747851764988 0.0001 855
1747851767134 0.0001 856
1747851768897 0.0001 857
1747851770759 0.0001 858
1747851771129 0.0001 859
1747851771487 0.0001 860
1747851771832 0.0001 861
1747851774746 0.0001 862
1747851776589 0.0001 863
1747851778301 0.0001 864
1747851778668 0.0001 865
1747851781212 0.0001 866
1747851782831 0.0001 867
1747851784136 0.0001 868
1747851809954 0.0001 869
1747851813202 0.0001 870
1747851813563 0.0001 871
1747851815544 0.0001 872
1747851815912 0.0001 873
1747851818022 0.0001 874
1747851819957 0.0001 875
1747851820321 0.0001 876
1747851820683 0.0001 877
1747851823338 0.0001 878
1747851825395 0.0001 879
1747851825764 0.0001 880
1747851826118 0.0001 881
1747851828203 0.0001 882
1747851828559 0.0001 883
1747851828924 0.0001 884
1747851829303 0.0001 885
1747851830033 0.0001 886
1747851832682 0.0001 887
1747851833053 0.0001 888
1747851835621 0.0001 889
1747851835999 0.0001 890
1747851836366 0.0001 891
1747851836755 0.0001 892
1747851839882 0.0001 893
1747851842073 0.0001 894
1747851843747 0.0001 895
1747851844115 0.0001 896
1747851846233 0.0001 897
1747851846591 0.0001 898
1747851846962 0.0001 899
1747851847533 0.0001 900
1747851850532 0.0001 901
1747851850903 0.0001 902
1747851851259 0.0001 903
1747851851826 0.0001 904
1747851852712 0.0001 905
1747851853601 0.0001 906
1747851854508 0.0001 907
1747851857371 0.0001 908
1747851859273 0.0001 909
1747851859641 0.0001 910
1747851860000 0.0001 911
1747851860566 0.0001 912
1747851861327 0.0001 913
1747851862049 0.0001 914
1747851862770 0.0001 915
1747851865604 0.0001 916
1747851867456 0.0001 917
1747851869298 0.0001 918
1747851869671 0.0001 919
1747851871617 0.0001 920
1747851873775 0.0001 921
1747851875814 0.0001 922
1747851877714 0.0001 923
1747851878081 0.0001 924
1747851878450 0.0001 925
1747851881020 0.0001 926
1747851882761 0.0001 927
1747851884458 0.0001 928
1747851884808 0.0001 929
1747851885145 0.0001 930
1747851913599 0.0001 931
1747851913955 0.0001 932
1747851916133 0.0001 933
1747851916507 0.0001 934
1747851916881 0.0001 935
1747851919674 0.0001 936
1747851920029 0.0001 937
1747851920397 0.0001 938
1747851920953 0.0001 939
1747851921823 0.0001 940
1747851924763 0.0001 941
1747851926793 0.0001 942
1747851927157 0.0001 943
1747851927513 0.0001 944
1747851927917 0.0001 945
1747851928606 0.0001 946
1747851931749 0.0001 947
1747851933584 0.0001 948
1747851933965 0.0001 949
1747851934315 0.0001 950
1747851936972 0.0001 951
1747851939034 0.0001 952
1747851939422 0.0001 953
1747851939775 0.0001 954
1747851942370 0.0001 955
1747851942744 0.0001 956
1747851944833 0.0001 957
1747851945195 0.0001 958
1747851945553 0.0001 959
1747851946120 0.0001 960
1747851949326 0.0001 961
1747851951305 0.0001 962
1747851953311 0.0001 963
1747851953673 0.0001 964
1747851956368 0.0001 965
1747851958530 0.0001 966
1747851960421 0.0001 967
1747851960785 0.0001 968
1747851962825 0.0001 969
1747851963194 0.0001 970
1747851965579 0.0001 971
1747851967293 0.0001 972
1747851967653 0.0001 973
1747851968017 0.0001 974
1747851968380 0.0001 975
1747851970704 0.0001 976
1747851971064 0.0001 977
1747851971431 0.0001 978
1747851973900 0.0001 979
1747851974256 0.0001 980
1747851974608 0.0001 981
1747851975085 0.0001 982
1747851977732 0.0001 983
1747851978112 0.0001 984
1747851978471 0.0001 985
1747851978858 0.0001 986
1747851981634 0.0001 987
1747851983439 0.0001 988
1747851985337 0.0001 989
1747851985709 0.0001 990
1747851986065 0.0001 991
1747851986436 0.0001 992
1747852012719 0.0001 993
1747852013461 0.0001 994
1747852016256 0.0001 995
1747852018129 0.0001 996
1747852018497 0.0001 997
1747852020771 0.0001 998
1747852021136 0.0001 999
1747852023255 0.0001 1000
1747852023619 0.0001 1001
1747852023978 0.0001 1002
1747852024387 0.0001 1003
1747852027507 0.0001 1004
1747852027871 0.0001 1005
1747852028231 0.0001 1006
1747852030923 0.0001 1007
1747852031290 0.0001 1008
1747852031640 0.0001 1009
1747852032204 0.0001 1010
1747852034861 0.0001 1011
1747852036797 0.0001 1012
1747852037171 0.0001 1013
1747852039219 0.0001 1014
1747852039572 0.0001 1015
1747852039930 0.0001 1016
1747852040506 0.0001 1017
1747852041421 0.0001 1018
1747852044316 0.0001 1019
1747852046242 0.0001 1020
1747852048054 0.0001 1021
1747852048419 0.0001 1022
1747852050413 0.0001 1023
1747852050779 0.0001 1024
1747852051135 0.0001 1025
1747852053613 0.0001 1026
1747852055466 0.0001 1027
1747852055839 0.0001 1028
1747852056199 0.0001 1029
1747852056778 0.0001 1030
1747852059884 0.0001 1031
1747852061973 0.0001 1032
1747852063836 0.0001 1033
1747852065685 0.0001 1034
1747852067472 0.0001 1035
1747852069510 0.0001 1036
1747852069876 0.0001 1037
1747852071666 0.0001 1038
1747852073660 0.0001 1039
1747852075763 0.0001 1040
1747852076127 0.0001 1041
1747852076491 0.0001 1042
1747852076873 0.0001 1043
1747852080104 0.0001 1044
1747852082233 0.0001 1045
1747852084185 0.0001 1046
1747852084552 0.0001 1047
1747852086734 0.0001 1048
1747852088764 0.0001 1049
1747852089144 0.0001 1050
1747852089508 0.0001 1051
1747852092214 0.0001 1052
1747852092569 0.0001 1053
1747852092913 0.0001 1054
1747852120176 0.0001 1055
1747852121049 0.0001 1056
1747852121967 0.0001 1057
1747852122872 0.0001 1058
1747852123766 0.0001 1059
1747852124511 0.0001 1060
1747852125290 0.0001 1061
1747852126189 0.0001 1062
1747852129181 0.0001 1063
1747852130897 0.0001 1064
1747852131260 0.0001 1065
1747852133369 0.0001 1066
1747852135257 0.0001 1067
1747852137037 0.0001 1068
1747852139081 0.0001 1069
1747852140824 0.0001 1070
1747852141192 0.0001 1071
1747852141582 0.0001 1072
1747852142100 0.0001 1073
1747852143037 0.0001 1074
1747852145782 0.0001 1075
1747852146149 0.0001 1076
1747852146529 0.0001 1077
1747852149646 0.0001 1078
1747852150003 0.0001 1079
1747852152205 0.0001 1080
1747852154122 0.0001 1081
1747852155814 0.0001 1082
1747852156177 0.0001 1083
1747852156543 0.0001 1084
1747852156953 0.0001 1085
1747852159464 0.0001 1086
1747852159822 0.0001 1087
1747852162428 0.0001 1088
1747852164440 0.0001 1089
1747852166172 0.0001 1090
1747852166537 0.0001 1091
1747852166897 0.0001 1092
1747852169802 0.0001 1093
1747852171691 0.0001 1094
1747852172061 0.0001 1095
1747852172415 0.0001 1096
1747852172800 0.0001 1097
1747852173534 0.0001 1098
1747852174286 0.0001 1099
1747852175187 0.0001 1100
1747852176075 0.0001 1101
1747852178468 0.0001 1102
1747852180600 0.0001 1103
1747852183028 0.0001 1104
1747852184888 0.0001 1105
1747852186559 0.0001 1106
1747852186924 0.0001 1107
1747852187317 0.0001 1108
1747852189833 0.0001 1109
1747852190204 0.0001 1110
1747852190562 0.0001 1111
1747852192812 0.0001 1112
1747852193175 0.0001 1113
1747852195374 0.0001 1114
1747852196882 0.0001 1115
1747852198108 0.0001 1116
1747852226843 0.0001 1117
1747852227212 0.0001 1118
1747852227570 0.0001 1119
1747852230251 0.0001 1120
1747852232433 0.0001 1121
1747852232800 0.0001 1122
1747852234876 0.0001 1123
1747852235243 0.0001 1124
1747852235634 0.0001 1125
1747852235987 0.0001 1126
1747852236699 0.0001 1127
1747852237415 0.0001 1128
1747852238167 0.0001 1129
1747852241224 0.0001 1130
1747852241596 0.0001 1131
1747852241990 0.0001 1132
1747852244298 0.0001 1133
1747852244668 0.0001 1134
1747852245030 0.0001 1135
1747852245408 0.0001 1136
1747852246151 0.0001 1137
1747852249047 0.0001 1138
1747852250924 0.0001 1139
1747852251290 0.0001 1140
1747852251649 0.0001 1141
1747852254028 0.0001 1142
1747852254383 0.0001 1143
1747852254752 0.0001 1144
1747852257644 0.0001 1145
1747852257996 0.0001 1146
1747852260149 0.0001 1147
1747852262414 0.0001 1148
1747852262772 0.0001 1149
1747852264949 0.0001 1150
1747852265296 0.0001 1151
1747852265661 0.0001 1152
1747852267902 0.0001 1153
1747852268274 0.0001 1154
1747852268620 0.0001 1155
1747852270915 0.0001 1156
1747852272705 0.0001 1157
1747852273074 0.0001 1158
1747852275181 0.0001 1159
1747852275552 0.0001 1160
1747852275950 0.0001 1161
1747852278539 0.0001 1162
1747852280312 0.0001 1163
1747852280673 0.0001 1164
1747852281063 0.0001 1165
1747852281412 0.0001 1166
1747852282306 0.0001 1167
1747852283040 0.0001 1168
1747852285664 0.0001 1169
1747852286020 0.0001 1170
1747852288492 0.0001 1171
1747852290330 0.0001 1172
1747852290700 0.0001 1173
1747852291058 0.0001 1174
1747852291617 0.0001 1175
1747852294255 0.0001 1176
1747852294609 0.0001 1177
1747852294952 0.0001 1178
1747852320997 0.0001 1179
1747852323893 0.0001 1180
1747852324243 0.0001 1181
1747852326059 0.0001 1182
1747852326412 0.0001 1183
1747852328513 0.0001 1184
1747852328874 0.0001 1185
1747852329229 0.0001 1186
1747852329766 0.0001 1187
1747852332510 0.0001 1188
1747852332874 0.0001 1189
1747852334935 0.0001 1190
1747852335297 0.0001 1191
1747852337372 0.0001 1192
1747852337716 0.0001 1193
1747852338079 0.0001 1194
1747852338497 0.0001 1195
1747852339240 0.0001 1196
1747852342183 0.0001 1197
1747852342533 0.0001 1198
1747852342916 0.0001 1199
1747852343263 0.0001 1200
1747852345970 0.0001 1201
1747852346353 0.0001 1202
1747852346716 0.0001 1203
1747852347286 0.0001 1204
1747852348158 0.0001 1205
1747852350746 0.0001 1206
1747852351122 0.0001 1207
1747852353394 0.0001 1208
1747852353748 0.0001 1209
1747852354105 0.0001 1210
1747852354501 0.0001 1211
1747852355376 0.0001 1212
1747852358393 0.0001 1213
1747852358762 0.0001 1214
1747852359127 0.0001 1215
1747852359710 0.0001 1216
1747852360425 0.0001 1217
1747852361109 0.0001 1218
1747852361841 0.0001 1219
1747852364539 0.0001 1220
1747852366235 0.0001 1221
1747852366597 0.0001 1222
1747852369066 0.0001 1223
1747852369433 0.0001 1224
1747852369779 0.0001 1225
1747852370178 0.0001 1226
1747852370999 0.0001 1227
1747852371910 0.0001 1228
1747852372597 0.0001 1229
1747852373483 0.0001 1230
1747852374217 0.0001 1231
1747852376983 0.0001 1232
1747852377347 0.0001 1233
1747852377705 0.0001 1234
1747852378235 0.0001 1235
1747852378938 0.0001 1236
1747852381834 0.0001 1237
1747852383545 0.0001 1238
1747852383894 0.0001 1239
1747852385173 0.0001 1240
1747852412513 0.0001 1241
1747852415510 0.0001 1242
1747852415871 0.0001 1243
1747852416243 0.0001 1244
1747852418290 0.0001 1245
1747852420037 0.0001 1246
1747852420401 0.0001 1247
1747852420753 0.0001 1248
1747852422798 0.0001 1249
1747852424662 0.0001 1250
1747852426531 0.0001 1251
1747852428500 0.0001 1252
1747852428872 0.0001 1253
1747852430941 0.0001 1254
1747852431305 0.0001 1255
1747852433402 0.0001 1256
1747852435179 0.0001 1257
1747852437093 0.0001 1258
1747852437453 0.0001 1259
1747852437815 0.0001 1260
1747852438182 0.0001 1261
1747852438865 0.0001 1262
1747852439588 0.0001 1263
1747852440491 0.0001 1264
1747852441230 0.0001 1265
1747852442094 0.0001 1266
1747852442786 0.0001 1267
1747852443660 0.0001 1268
1747852446755 0.0001 1269
1747852447126 0.0001 1270
1747852447478 0.0001 1271
1747852449760 0.0001 1272
1747852450121 0.0001 1273
1747852450493 0.0001 1274
1747852450841 0.0001 1275
1747852454008 0.0001 1276
1747852454380 0.0001 1277
1747852456462 0.0001 1278
1747852458297 0.0001 1279
1747852458660 0.0001 1280
1747852460734 0.0001 1281
1747852461098 0.0001 1282
1747852461462 0.0001 1283
1747852464146 0.0001 1284
1747852464531 0.0001 1285
1747852464910 0.0001 1286
1747852465250 0.0001 1287
1747852466005 0.0001 1288
1747852468668 0.0001 1289
1747852470653 0.0001 1290
1747852472290 0.0001 1291
1747852472662 0.0001 1292
1747852473017 0.0001 1293
1747852473405 0.0001 1294
1747852476352 0.0001 1295
1747852476725 0.0001 1296
1747852477082 0.0001 1297
1747852477444 0.0001 1298
1747852478286 0.0001 1299
1747852479154 0.0001 1300
1747852480078 0.0001 1301
1747852481976 0.0001 1302
1747852508212 0.0001 1303
1747852508922 0.0001 1304
1747852509746 0.0001 1305
1747852512308 0.0001 1306
1747852514268 0.0001 1307
1747852514619 0.0001 1308
1747852514980 0.0001 1309
1747852517305 0.0001 1310
1747852517673 0.0001 1311
1747852518053 0.0001 1312
1747852520393 0.0001 1313
1747852522520 0.0001 1314
1747852524568 0.0001 1315
1747852526558 0.0001 1316
1747852526922 0.0001 1317
1747852527309 0.0001 1318
1747852527652 0.0001 1319
1747852528488 0.0001 1320
1747852529204 0.0001 1321
1747852532044 0.0001 1322
1747852532427 0.0001 1323
1747852532781 0.0001 1324
1747852533167 0.0001 1325
1747852534025 0.0001 1326
1747852536903 0.0001 1327
1747852537291 0.0001 1328
1747852539308 0.0001 1329
1747852539679 0.0001 1330
1747852540027 0.0001 1331
1747852540497 0.0001 1332
1747852541242 0.0001 1333
1747852544292 0.0001 1334
1747852546238 0.0001 1335
1747852546605 0.0001 1336
1747852546982 0.0001 1337
1747852547331 0.0001 1338
1747852550255 0.0001 1339
1747852550632 0.0001 1340
1747852552817 0.0001 1341
1747852553180 0.0001 1342
1747852553551 0.0001 1343
1747852556604 0.0001 1344
1747852558664 0.0001 1345
1747852560686 0.0001 1346
1747852561059 0.0001 1347
1747852561418 0.0001 1348
1747852563578 0.0001 1349
1747852563942 0.0001 1350
1747852566084 0.0001 1351
1747852566436 0.0001 1352
1747852568990 0.0001 1353
1747852569341 0.0001 1354
1747852571354 0.0001 1355
1747852571723 0.0001 1356
1747852574074 0.0001 1357
1747852574449 0.0001 1358
1747852576294 0.0001 1359
1747852576665 0.0001 1360
1747852578676 0.0001 1361
1747852579040 0.0001 1362
1747852579404 0.0001 1363
1747852580903 0.0001 1364
1747852609083 0.0001 1365
1747852609461 0.0001 1366
1747852609848 0.0001 1367
1747852610275 0.0001 1368
1747852613221 0.0001 1369
1747852614989 0.0001 1370
1747852617087 0.0001 1371
1747852618825 0.0001 1372
1747852620479 0.0001 1373
1747852622419 0.0001 1374
1747852622798 0.0001 1375
1747852623145 0.0001 1376
1747852625868 0.0001 1377
1747852626239 0.0001 1378
1747852628216 0.0001 1379
1747852628584 0.0001 1380
1747852631207 0.0001 1381
1747852631578 0.0001 1382
1747852631942 0.0001 1383
1747852632449 0.0001 1384
1747852635654 0.0001 1385
1747852637506 0.0001 1386
1747852639526 0.0001 1387
1747852641552 0.0001 1388
1747852643372 0.0001 1389
1747852643743 0.0001 1390
1747852646067 0.0001 1391
1747852647962 0.0001 1392
1747852650005 0.0001 1393
1747852650374 0.0001 1394
1747852652601 0.0001 1395
1747852654699 0.0001 1396
1747852656513 0.0001 1397
1747852656879 0.0001 1398
1747852657255 0.0001 1399
1747852660002 0.0001 1400
1747852660368 0.0001 1401
1747852662630 0.0001 1402
1747852662977 0.0001 1403
1747852663326 0.0001 1404
1747852665456 0.0001 1405
1747852665830 0.0001 1406
1747852667671 0.0001 1407
1747852668036 0.0001 1408
1747852668400 0.0001 1409
1747852668969 0.0001 1410
1747852669694 0.0001 1411
1747852670497 0.0001 1412
1747852671211 0.0001 1413
1747852672035 0.0001 1414
1747852672907 0.0001 1415
1747852673808 0.0001 1416
1747852676981 0.0001 1417
1747852678736 0.0001 1418
1747852680617 0.0001 1419
1747852682450 0.0001 1420
1747852682812 0.0001 1421
1747852683181 0.0001 1422
1747852686015 0.0001 1423
1747852686385 0.0001 1424
1747852686742 0.0001 1425
1747852687210 0.0001 1426
1747852713814 0.0001 1427
1747852714675 0.0001 1428
1747852715343 0.0001 1429
1747852716176 0.0001 1430
1747852716875 0.0001 1431
1747852719197 0.0001 1432
1747852719544 0.0001 1433
1747852719895 0.0001 1434
1747852722616 0.0001 1435
1747852722996 0.0001 1436
1747852723356 0.0001 1437
1747852723819 0.0001 1438
1747852724547 0.0001 1439
1747852725369 0.0001 1440
1747852726130 0.0001 1441
1747852726957 0.0001 1442
1747852727810 0.0001 1443
1747852731004 0.0001 1444
1747852733071 0.0001 1445
1747852733421 0.0001 1446
1747852733801 0.0001 1447
1747852734142 0.0001 1448
1747852734825 0.0001 1449
1747852737630 0.0001 1450
1747852739661 0.0001 1451
1747852741571 0.0001 1452
1747852741931 0.0001 1453
1747852742287 0.0001 1454
1747852742794 0.0001 1455
1747852745686 0.0001 1456
1747852747624 0.0001 1457
1747852747981 0.0001 1458
1747852748360 0.0001 1459
1747852748705 0.0001 1460
1747852749393 0.0001 1461
1747852750118 0.0001 1462
1747852750777 0.0001 1463
1747852751436 0.0001 1464
1747852752062 0.0001 1465
1747852755190 0.0001 1466
1747852757196 0.0001 1467
1747852758877 0.0001 1468
1747852759262 0.0001 1469
1747852761747 0.0001 1470
1747852762105 0.0001 1471
1747852762465 0.0001 1472
1747852762826 0.0001 1473
1747852765788 0.0001 1474
1747852766172 0.0001 1475
1747852766532 0.0001 1476
1747852768908 0.0001 1477
1747852769286 0.0001 1478
1747852769631 0.0001 1479
1747852770212 0.0001 1480
1747852772891 0.0001 1481
1747852773278 0.0001 1482
1747852775355 0.0001 1483
1747852777354 0.0001 1484
1747852777709 0.0001 1485
1747852778077 0.0001 1486
1747852778426 0.0001 1487
1747852780021 0.0001 1488
1747852808038 0.0001 1489
1747852809822 0.0001 1490
1747852810183 0.0001 1491
1747852810547 0.0001 1492
1747852813149 0.0001 1493
1747852814969 0.0001 1494
1747852815319 0.0001 1495
1747852817271 0.0001 1496
1747852818980 0.0001 1497
1747852819356 0.0001 1498
1747852819726 0.0001 1499
1747852821971 0.0001 1500
1747852822344 0.0001 1501
1747852822701 0.0001 1502
1747852823073 0.0001 1503
1747852823901 0.0001 1504
1747852826421 0.0001 1505
1747852826789 0.0001 1506
1747852828853 0.0001 1507
1747852829216 0.0001 1508
1747852829576 0.0001 1509
1747852832372 0.0001 1510
1747852834159 0.0001 1511
1747852836040 0.0001 1512
1747852836412 0.0001 1513
1747852836773 0.0001 1514
1747852837276 0.0001 1515
1747852837949 0.0001 1516
1747852841060 0.0001 1517
1747852841462 0.0001 1518
1747852841815 0.0001 1519
1747852842163 0.0001 1520
1747852842793 0.0001 1521
1747852845440 0.0001 1522
1747852845804 0.0001 1523
1747852847942 0.0001 1524
1747852848309 0.0001 1525
1747852848705 0.0001 1526
1747852851076 0.0001 1527
1747852851432 0.0001 1528
1747852853451 0.0001 1529
1747852853815 0.0001 1530
1747852854178 0.0001 1531
1747852854705 0.0001 1532
1747852855544 0.0001 1533
1747852856450 0.0001 1534
1747852859541 0.0001 1535
1747852859911 0.0001 1536
1747852860282 0.0001 1537
1747852860626 0.0001 1538
1747852863528 0.0001 1539
1747852863896 0.0001 1540
1747852864254 0.0001 1541
1747852864797 0.0001 1542
1747852865429 0.0001 1543
1747852866126 0.0001 1544
1747852868777 0.0001 1545
1747852869179 0.0001 1546
1747852869543 0.0001 1547
1747852871819 0.0001 1548
1747852872181 0.0001 1549
1747852873453 0.0001 1550
1747852899566 0.0001 1551
1747852901998 0.0001 1552
1747852902348 0.0001 1553
1747852904438 0.0001 1554
1747852904804 0.0001 1555
1747852906699 0.0001 1556
1747852907063 0.0001 1557
1747852907427 0.0001 1558
1747852907947 0.0001 1559
1747852911030 0.0001 1560
1747852912739 0.0001 1561
1747852913111 0.0001 1562
1747852915109 0.0001 1563
1747852915476 0.0001 1564
1747852915839 0.0001 1565
1747852916404 0.0001 1566
1747852917201 0.0001 1567
1747852917892 0.0001 1568
1747852918548 0.0001 1569
1747852921512 0.0001 1570
1747852923297 0.0001 1571
1747852923676 0.0001 1572
1747852925623 0.0001 1573
1747852925987 0.0001 1574
1747852926361 0.0001 1575
1747852926882 0.0001 1576
1747852927664 0.0001 1577
1747852930705 0.0001 1578
1747852932632 0.0001 1579
1747852933001 0.0001 1580
1747852935083 0.0001 1581
1747852935429 0.0001 1582
1747852937496 0.0001 1583
1747852939445 0.0001 1584
1747852941149 0.0001 1585
1747852941527 0.0001 1586
1747852941906 0.0001 1587
1747852942357 0.0001 1588
1747852943202 0.0001 1589
1747852943889 0.0001 1590
1747852946435 0.0001 1591
1747852948206 0.0001 1592
1747852948580 0.0001 1593
1747852951041 0.0001 1594
1747852951410 0.0001 1595
1747852951766 0.0001 1596
1747852954317 0.0001 1597
1747852956194 0.0001 1598
1747852958226 0.0001 1599
1747852960042 0.0001 1600
1747852960410 0.0001 1601
1747852960786 0.0001 1602
1747852961179 0.0001 1603
1747852961977 0.0001 1604
1747852962702 0.0001 1605
1747852963372 0.0001 1606
1747852966675 0.0001 1607
1747852967079 0.0001 1608
1747852969139 0.0001 1609
1747852970845 0.0001 1610
1747852971201 0.0001 1611
1747852972386 0.0001 1612
1747853000319 0.0001 1613
1747853002962 0.0001 1614
1747853004721 0.0001 1615
1747853006501 0.0001 1616
1747853006883 0.0001 1617
1747853008860 0.0001 1618
1747853009227 0.0001 1619
1747853009579 0.0001 1620
1747853011899 0.0001 1621
1747853012277 0.0001 1622
1747853012632 0.0001 1623
1747853014932 0.0001 1624
1747853015286 0.0001 1625
1747853015637 0.0001 1626
1747853015996 0.0001 1627
1747853016702 0.0001 1628
1747853017523 0.0001 1629
1747853019957 0.0001 1630
1747853021795 0.0001 1631
1747853023538 0.0001 1632
1747853025244 0.0001 1633
1747853027418 0.0001 1634
1747853027780 0.0001 1635
1747853028142 0.0001 1636
1747853030881 0.0001 1637
1747853031249 0.0001 1638
1747853031616 0.0001 1639
1747853031990 0.0001 1640
1747853034852 0.0001 1641
1747853035228 0.0001 1642
1747853035585 0.0001 1643
1747853035948 0.0001 1644
1747853038459 0.0001 1645
1747853040385 0.0001 1646
1747853042014 0.0001 1647
1747853043915 0.0001 1648
1747853045713 0.0001 1649
1747853047515 0.0001 1650
1747853047893 0.0001 1651
1747853048270 0.0001 1652
1747853048695 0.0001 1653
1747853049441 0.0001 1654
1747853052406 0.0001 1655
1747853052776 0.0001 1656
1747853054687 0.0001 1657
1747853056740 0.0001 1658
1747853057105 0.0001 1659
1747853057458 0.0001 1660
1747853057856 0.0001 1661
1747853061043 0.0001 1662
1747853062799 0.0001 1663
1747853064785 0.0001 1664
1747853065151 0.0001 1665
1747853067367 0.0001 1666
1747853067716 0.0001 1667
1747853069714 0.0001 1668
1747853070074 0.0001 1669
1747853072167 0.0001 1670
1747853072566 0.0001 1671
1747853072944 0.0001 1672
1747853073442 0.0001 1673
1747853074064 0.0001 1674
1747853100653 0.0001 1675
1747853101326 0.0001 1676
1747853102152 0.0001 1677
1747853102944 0.0001 1678
1747853103620 0.0001 1679
1747853105946 0.0001 1680
1747853107934 0.0001 1681
1747853109583 0.0001 1682
1747853109959 0.0001 1683
1747853110337 0.0001 1684
1747853110756 0.0001 1685
1747853111619 0.0001 1686
1747853112389 0.0001 1687
1747853114964 0.0001 1688
1747853115324 0.0001 1689
1747853117836 0.0001 1690
1747853118205 0.0001 1691
1747853120018 0.0001 1692
1747853120394 0.0001 1693
1747853122773 0.0001 1694
1747853123142 0.0001 1695
1747853125513 0.0001 1696
1747853127306 0.0001 1697
1747853128973 0.0001 1698
1747853129341 0.0001 1699
1747853129705 0.0001 1700
1747853130153 0.0001 1701
1747853132870 0.0001 1702
1747853133248 0.0001 1703
1747853135260 0.0001 1704
1747853135625 0.0001 1705
1747853135990 0.0001 1706
1747853136381 0.0001 1707
1747853137039 0.0001 1708
1747853137740 0.0001 1709
1747853138516 0.0001 1710
1747853139372 0.0001 1711
1747853142428 0.0001 1712
1747853144257 0.0001 1713
1747853145921 0.0001 1714
1747853147651 0.0001 1715
1747853149424 0.0001 1716
1747853149784 0.0001 1717
1747853150141 0.0001 1718
1747853150520 0.0001 1719
1747853151207 0.0001 1720
1747853153633 0.0001 1721
1747853155665 0.0001 1722
1747853156026 0.0001 1723
1747853156405 0.0001 1724
1747853156861 0.0001 1725
1747853157531 0.0001 1726
1747853158198 0.0001 1727
1747853158996 0.0001 1728
1747853159649 0.0001 1729
1747853160329 0.0001 1730
1747853162910 0.0001 1731
1747853163282 0.0001 1732
1747853165607 0.0001 1733
1747853165958 0.0001 1734
1747853166322 0.0001 1735
1747853167701 0.0001 1736
1747853195479 0.0001 1737
1747853195837 0.0001 1738
1747853196210 0.0001 1739
1747853196553 0.0001 1740
1747853197186 0.0001 1741
1747853198047 0.0001 1742
1747853198727 0.0001 1743
1747853201215 0.0001 1744
1747853203219 0.0001 1745
1747853203580 0.0001 1746
1747853205996 0.0001 1747
1747853206349 0.0001 1748
1747853206696 0.0001 1749
1747853208773 0.0001 1750
1747853210596 0.0001 1751
1747853212490 0.0001 1752
1747853212849 0.0001 1753
1747853213242 0.0001 1754
1747853216201 0.0001 1755
1747853216567 0.0001 1756
1747853216917 0.0001 1757
1747853219286 0.0001 1758
1747853219659 0.0001 1759
1747853220031 0.0001 1760
1747853220596 0.0001 1761
1747853223127 0.0001 1762
1747853223482 0.0001 1763
1747853223841 0.0001 1764
1747853224251 0.0001 1765
1747853226689 0.0001 1766
1747853227047 0.0001 1767
1747853229574 0.0001 1768
1747853229945 0.0001 1769
1747853232484 0.0001 1770
1747853232855 0.0001 1771
1747853233221 0.0001 1772
1747853235382 0.0001 1773
1747853235751 0.0001 1774
1747853236102 0.0001 1775
1747853236661 0.0001 1776
1747853239303 0.0001 1777
1747853239675 0.0001 1778
1747853240042 0.0001 1779
1747853242540 0.0001 1780
1747853242910 0.0001 1781
1747853243266 0.0001 1782
1747853243661 0.0001 1783
1747853244353 0.0001 1784
1747853247324 0.0001 1785
1747853249305 0.0001 1786
1747853250975 0.0001 1787
1747853252833 0.0001 1788
1747853253216 0.0001 1789
1747853255302 0.0001 1790
1747853255668 0.0001 1791
1747853257809 0.0001 1792
1747853258159 0.0001 1793
1747853258522 0.0001 1794
1747853258906 0.0001 1795
1747853259739 0.0001 1796
1747853260463 0.0001 1797
1747853261129 0.0001 1798
1747853287577 0.0001 1799
1747853289990 0.0001 1800
1747853291865 0.0001 1801
1747853293649 0.0001 1802
1747853294008 0.0001 1803
1747853294376 0.0001 1804
1747853294758 0.0001 1805
1747853297709 0.0001 1806
1747853298075 0.0001 1807
1747853300231 0.0001 1808
1747853300601 0.0001 1809
1747853300949 0.0001 1810
1747853303346 0.0001 1811
1747853303705 0.0001 1812
1747853304069 0.0001 1813
1747853304450 0.0001 1814
1747853305126 0.0001 1815
1747853305771 0.0001 1816
1747853306604 0.0001 1817
1747853307268 0.0001 1818
1747853310106 0.0001 1819
1747853310483 0.0001 1820
1747853310854 0.0001 1821
1747853311428 0.0001 1822
1747853314115 0.0001 1823
1747853314480 0.0001 1824
1747853314831 0.0001 1825
1747853315443 0.0001 1826
1747853318196 0.0001 1827
1747853318565 0.0001 1828
1747853318925 0.0001 1829
1747853319299 0.0001 1830
1747853319960 0.0001 1831
1747853322954 0.0001 1832
1747853323317 0.0001 1833
1747853323685 0.0001 1834
1747853324062 0.0001 1835
1747853326722 0.0001 1836
1747853327066 0.0001 1837
1747853327415 0.0001 1838
1747853329888 0.0001 1839
1747853331726 0.0001 1840
1747853332081 0.0001 1841
1747853332446 0.0001 1842
1747853332943 0.0001 1843
1747853333594 0.0001 1844
1747853334288 0.0001 1845
1747853334940 0.0001 1846
1747853335781 0.0001 1847
1747853336423 0.0001 1848
1747853337074 0.0001 1849
1747853337869 0.0001 1850
1747853338706 0.0001 1851
1747853339508 0.0001 1852
1747853342526 0.0001 1853
1747853342883 0.0001 1854
1747853345185 0.0001 1855
1747853345542 0.0001 1856
1747853345915 0.0001 1857
1747853346342 0.0001 1858
1747853347019 0.0001 1859
1747853347701 0.0001 1860
1747853374383 0.0001 1861
1747853375052 0.0001 1862
1747853378132 0.0001 1863
1747853378483 0.0001 1864
1747853380506 0.0001 1865
1747853380882 0.0001 1866
1747853382746 0.0001 1867
1747853384739 0.0001 1868
1747853385111 0.0001 1869
1747853385483 0.0001 1870
1747853385841 0.0001 1871
1747853386655 0.0001 1872
1747853389101 0.0001 1873
1747853389474 0.0001 1874
1747853391483 0.0001 1875
1747853391859 0.0001 1876
1747853392221 0.0001 1877
1747853392617 0.0001 1878
1747853393294 0.0001 1879
1747853393928 0.0001 1880
1747853396819 0.0001 1881
1747853397189 0.0001 1882
1747853399663 0.0001 1883
1747853400045 0.0001 1884
1747853400405 0.0001 1885
1747853401009 0.0001 1886
1747853401737 0.0001 1887
1747853402377 0.0001 1888
1747853403183 0.0001 1889
1747853403812 0.0001 1890
1747853406621 0.0001 1891
1747853406988 0.0001 1892
1747853409130 0.0001 1893
1747853409506 0.0001 1894
1747853411380 0.0001 1895
1747853411765 0.0001 1896
1747853414394 0.0001 1897
1747853414759 0.0001 1898
1747853415120 0.0001 1899
1747853415512 0.0001 1900
1747853416319 0.0001 1901
1747853418997 0.0001 1902
1747853419379 0.0001 1903
1747853419730 0.0001 1904
1747853422041 0.0001 1905
1747853423708 0.0001 1906
1747853425740 0.0001 1907
1747853426103 0.0001 1908
1747853428629 0.0001 1909
1747853428982 0.0001 1910
1747853429355 0.0001 1911
1747853431704 0.0001 1912
1747853433385 0.0001 1913
1747853435096 0.0001 1914
1747853435490 0.0001 1915
1747853435837 0.0001 1916
1747853436205 0.0001 1917
1747853436850 0.0001 1918
1747853437526 0.0001 1919
1747853438352 0.0001 1920
1747853439151 0.0001 1921
1747853439803 0.0001 1922
1747853466558 0.0001 1923
1747853467216 0.0001 1924
1747853469811 0.0001 1925
1747853470184 0.0001 1926
1747853472688 0.0001 1927
1747853473046 0.0001 1928
1747853474932 0.0001 1929
1747853475283 0.0001 1930
1747853477551 0.0001 1931
1747853479640 0.0001 1932
1747853481547 0.0001 1933
1747853481940 0.0001 1934
1747853482282 0.0001 1935
1747853484751 0.0001 1936
1747853485126 0.0001 1937
1747853487529 0.0001 1938
1747853487900 0.0001 1939
1747853489952 0.0001 1940
1747853490326 0.0001 1941
1747853490689 0.0001 1942
1747853491050 0.0001 1943
1747853491728 0.0001 1944
1747853492517 0.0001 1945
1747853493288 0.0001 1946
1747853495979 0.0001 1947
1747853497639 0.0001 1948
1747853499404 0.0001 1949
1747853501263 0.0001 1950
1747853501626 0.0001 1951
1747853501998 0.0001 1952
1747853504242 0.0001 1953
1747853504643 0.0001 1954
1747853506910 0.0001 1955
1747853508865 0.0001 1956
1747853509235 0.0001 1957
1747853509591 0.0001 1958
1747853511673 0.0001 1959
1747853513648 0.0001 1960
1747853514027 0.0001 1961
1747853514383 0.0001 1962
1747853517026 0.0001 1963
1747853517404 0.0001 1964
1747853519579 0.0001 1965
1747853519938 0.0001 1966
1747853520303 0.0001 1967
1747853522935 0.0001 1968
1747853524990 0.0001 1969
1747853526700 0.0001 1970
1747853527080 0.0001 1971
1747853529472 0.0001 1972
1747853529847 0.0001 1973
1747853530193 0.0001 1974
1747853530585 0.0001 1975
1747853531395 0.0001 1976
1747853532019 0.0001 1977
1747853532657 0.0001 1978
1747853533322 0.0001 1979
1747853533987 0.0001 1980
1747853536769 0.0001 1981
1747853537121 0.0001 1982
1747853537487 0.0001 1983
1747853537853 0.0001 1984
1747853564745 0.0001 1985
1747853567011 0.0001 1986
1747853567380 0.0001 1987
1747853567728 0.0001 1988
1747853568412 0.0001 1989
1747853569320 0.0001 1990
1747853570083 0.0001 1991
1747853572854 0.0001 1992
1747853573205 0.0001 1993
1747853573566 0.0001 1994
1747853573931 0.0001 1995
1747853574669 0.0001 1996
1747853575401 0.0001 1997
1747853576336 0.0001 1998
1747853577063 0.0001 1999
1747853577787 0.0001 2000
1747853580951 0.0001 2001
1747853583057 0.0001 2002
1747853583446 0.0001 2003
1747853583801 0.0001 2004
1747853584148 0.0001 2005
1747853586894 0.0001 2006
1747853588614 0.0001 2007
1747853590559 0.0001 2008
1747853592455 0.0001 2009
1747853594183 0.0001 2010
1747853594567 0.0001 2011
1747853594920 0.0001 2012
1747853597834 0.0001 2013
1747853599905 0.0001 2014
1747853600267 0.0001 2015
1747853602259 0.0001 2016
1747853604105 0.0001 2017
1747853605937 0.0001 2018
1747853608007 0.0001 2019
1747853608384 0.0001 2020
1747853608760 0.0001 2021
1747853609149 0.0001 2022
1747853609931 0.0001 2023
1747853610693 0.0001 2024
1747853611618 0.0001 2025
1747853612379 0.0001 2026
1747853613374 0.0001 2027
1747853614160 0.0001 2028
1747853614960 0.0001 2029
1747853617906 0.0001 2030
1747853618260 0.0001 2031
1747853618634 0.0001 2032
1747853619016 0.0001 2033
1747853619784 0.0001 2034
1747853622807 0.0001 2035
1747853623189 0.0001 2036
1747853623543 0.0001 2037
1747853623930 0.0001 2038
1747853624831 0.0001 2039
1747853625564 0.0001 2040
1747853628327 0.0001 2041
1747853630323 0.0001 2042
1747853632529 0.0001 2043
1747853632902 0.0001 2044
1747853634481 0.0001 2045
1747853635950 0.0001 2046
1747853663494 0.0001 2047
1747853666548 0.0001 2048
1747853666912 0.0001 2049
1747853667308 0.0001 2050
1747853669977 0.0001 2051
1747853670348 0.0001 2052
1747853670736 0.0001 2053
1747853671085 0.0001 2054
1747853671788 0.0001 2055
1747853672678 0.0001 2056
1747853673575 0.0001 2057
1747853674478 0.0001 2058
1747853675201 0.0001 2059
1747853677598 0.0001 2060
1747853679466 0.0001 2061
1747853679841 0.0001 2062
1747853681848 0.0001 2063
1747853683858 0.0001 2064
1747853685848 0.0001 2065
1747853686221 0.0001 2066
1747853688446 0.0001 2067
1747853688823 0.0001 2068
1747853689173 0.0001 2069
1747853689518 0.0001 2070
1747853690359 0.0001 2071
1747853691251 0.0001 2072
1747853691951 0.0001 2073
1747853695170 0.0001 2074
1747853695540 0.0001 2075
1747853695927 0.0001 2076
1747853697976 0.0001 2077
1747853699933 0.0001 2078
1747853700303 0.0001 2079
1747853702796 0.0001 2080
1747853704705 0.0001 2081
1747853706572 0.0001 2082
1747853706944 0.0001 2083
1747853707309 0.0001 2084
1747853709764 0.0001 2085
1747853711483 0.0001 2086
1747853711851 0.0001 2087
1747853713761 0.0001 2088
1747853714130 0.0001 2089
1747853716415 0.0001 2090
1747853718173 0.0001 2091
1747853718572 0.0001 2092
1747853720827 0.0001 2093
1747853721200 0.0001 2094
1747853721581 0.0001 2095
1747853723997 0.0001 2096
1747853724348 0.0001 2097
1747853724693 0.0001 2098
1747853725260 0.0001 2099
1747853727892 0.0001 2100
1747853728255 0.0001 2101
1747853728610 0.0001 2102
1747853729147 0.0001 2103
1747853731458 0.0001 2104
1747853733594 0.0001 2105
1747853733962 0.0001 2106
1747853734332 0.0001 2107
1747853735831 0.0001 2108
1747853763506 0.0001 2109
1747853764458 0.0001 2110
1747853765193 0.0001 2111
1747853765930 0.0001 2112
1747853766708 0.0001 2113
1747853767606 0.0001 2114
1747853768328 0.0001 2115
1747853769263 0.0001 2116
1747853770171 0.0001 2117
1747853770890 0.0001 2118
1747853771776 0.0001 2119
1747853772550 0.0001 2120
1747853773274 0.0001 2121
1747853776037 0.0001 2122
1747853777817 0.0001 2123
1747853778186 0.0001 2124
1747853778565 0.0001 2125
1747853779037 0.0001 2126
1747853779975 0.0001 2127
1747853780871 0.0001 2128
1747853781580 0.0001 2129
1747853782329 0.0001 2130
1747853783069 0.0001 2131
1747853785652 0.0001 2132
1747853787478 0.0001 2133
1747853789195 0.0001 2134
1747853789563 0.0001 2135
1747853789922 0.0001 2136
1747853792360 0.0001 2137
1747853792715 0.0001 2138
1747853793075 0.0001 2139
1747853793451 0.0001 2140
1747853794189 0.0001 2141
1747853795101 0.0001 2142
1747853796033 0.0001 2143
1747853796921 0.0001 2144
1747853797689 0.0001 2145
1747853800690 0.0001 2146
1747853802528 0.0001 2147
1747853802898 0.0001 2148
1747853803291 0.0001 2149
1747853803638 0.0001 2150
1747853806081 0.0001 2151
1747853808013 0.0001 2152
1747853809950 0.0001 2153
1747853810313 0.0001 2154
1747853810704 0.0001 2155
1747853811072 0.0001 2156
1747853814079 0.0001 2157
1747853815889 0.0001 2158
1747853816257 0.0001 2159
1747853816628 0.0001 2160
1747853817011 0.0001 2161
1747853820128 0.0001 2162
1747853820490 0.0001 2163
1747853822547 0.0001 2164
1747853822920 0.0001 2165
1747853824953 0.0001 2166
1747853825319 0.0001 2167
1747853825679 0.0001 2168
1747853826197 0.0001 2169
1747853827087 0.0001 2170
1747853853723 0.0001 2171
1747853856734 0.0001 2172
1747853858767 0.0001 2173
1747853861233 0.0001 2174
1747853861603 0.0001 2175
1747853863742 0.0001 2176
1747853864109 0.0001 2177
1747853866029 0.0001 2178
1747853866379 0.0001 2179
1747853866729 0.0001 2180
1747853867131 0.0001 2181
1747853867987 0.0001 2182
1747853868685 0.0001 2183
1747853869384 0.0001 2184
1747853870250 0.0001 2185
1747853870960 0.0001 2186
1747853871638 0.0001 2187
1747853872316 0.0001 2188
1747853873007 0.0001 2189
1747853873715 0.0001 2190
1747853876737 0.0001 2191
1747853877121 0.0001 2192
1747853879063 0.0001 2193
1747853880765 0.0001 2194
1747853881125 0.0001 2195
1747853881475 0.0001 2196
1747853881857 0.0001 2197
1747853884826 0.0001 2198
1747853885183 0.0001 2199
1747853885567 0.0001 2200
1747853885907 0.0001 2201
1747853886640 0.0001 2202
1747853889617 0.0001 2203
1747853891311 0.0001 2204
1747853893305 0.0001 2205
1747853894967 0.0001 2206
1747853897007 0.0001 2207
1747853897657 0.0001 2208
1747853899961 0.0001 2209
1747853900321 0.0001 2210
1747853902325 0.0001 2211
1747853904278 0.0001 2212
1747853904636 0.0001 2213
1747853905025 0.0001 2214
1747853905371 0.0001 2215
1747853906033 0.0001 2216
1747853908846 0.0001 2217
1747853909239 0.0001 2218
1747853911208 0.0001 2219
1747853911565 0.0001 2220
1747853913740 0.0001 2221
1747853915565 0.0001 2222
1747853915934 0.0001 2223
1747853916280 0.0001 2224
1747853916691 0.0001 2225
1747853919383 0.0001 2226
1747853919744 0.0001 2227
1747853920107 0.0001 2228
1747853922709 0.0001 2229
1747853924588 0.0001 2230
1747853924954 0.0001 2231
1747853925294 0.0001 2232
1747853952530 0.0001 2233
1747853955639 0.0001 2234
1747853956008 0.0001 2235
1747853958144 0.0001 2236
1747853958495 0.0001 2237
1747853960661 0.0001 2238
1747853961019 0.0001 2239
1747853961364 0.0001 2240
1747853961973 0.0001 2241
1747853965064 0.0001 2242
1747853965430 0.0001 2243
1747853967886 0.0001 2244
1747853968232 0.0001 2245
1747853970651 0.0001 2246
1747853971023 0.0001 2247
1747853972995 0.0001 2248
1747853973366 0.0001 2249
1747853973711 0.0001 2250
1747853974280 0.0001 2251
1747853977357 0.0001 2252
1747853977727 0.0001 2253
1747853978091 0.0001 2254
1747853978648 0.0001 2255
1747853979333 0.0001 2256
1747853981841 0.0001 2257
1747853982200 0.0001 2258
1747853982569 0.0001 2259
1747853984855 0.0001 2260
1747853986906 0.0001 2261
1747853988681 0.0001 2262
1747853990627 0.0001 2263
1747853990994 0.0001 2264
1747853991363 0.0001 2265
1747853993603 0.0001 2266
1747853995355 0.0001 2267
1747853997376 0.0001 2268
1747853999077 0.0001 2269
1747854001023 0.0001 2270
1747854002760 0.0001 2271
1747854003122 0.0001 2272
1747854003497 0.0001 2273
1747854005685 0.0001 2274
1747854007807 0.0001 2275
1747854009653 0.0001 2276
1747854010019 0.0001 2277
1747854010377 0.0001 2278
1747854010942 0.0001 2279
1747854014054 0.0001 2280
1747854014404 0.0001 2281
1747854016768 0.0001 2282
1747854017127 0.0001 2283
1747854019449 0.0001 2284
1747854019812 0.0001 2285
1747854020197 0.0001 2286
1747854020542 0.0001 2287
1747854021381 0.0001 2288
1747854022069 0.0001 2289
1747854022769 0.0001 2290
1747854026059 0.0001 2291
1747854026440 0.0001 2292
1747854028228 0.0001 2293
1747854028575 0.0001 2294
1747854057452 0.0001 2295
1747854057829 0.0001 2296
1747854058187 0.0001 2297
1747854060589 0.0001 2298
1747854060940 0.0001 2299
1747854061314 0.0001 2300
1747854061710 0.0001 2301
1747854062563 0.0001 2302
1747854063411 0.0001 2303
1747854066450 0.0001 2304
1747854066813 0.0001 2305
1747854067159 0.0001 2306
1747854067601 0.0001 2307
1747854070413 0.0001 2308
1747854070795 0.0001 2309
1747854073449 0.0001 2310
1747854075129 0.0001 2311
1747854077002 0.0001 2312
1747854078774 0.0001 2313
1747854079129 0.0001 2314
1747854081279 0.0001 2315
1747854083277 0.0001 2316
1747854083641 0.0001 2317
1747854084001 0.0001 2318
1747854084384 0.0001 2319
1747854087124 0.0001 2320
1747854089036 0.0001 2321
1747854089399 0.0001 2322
1747854089751 0.0001 2323
1747854090358 0.0001 2324
1747854091189 0.0001 2325
1747854094155 0.0001 2326
1747854094522 0.0001 2327
1747854094890 0.0001 2328
1747854095274 0.0001 2329
1747854095975 0.0001 2330
1747854096798 0.0001 2331
1747854099942 0.0001 2332
1747854100309 0.0001 2333
1747854100674 0.0001 2334
1747854103217 0.0001 2335
1747854105279 0.0001 2336
1747854105647 0.0001 2337
1747854106002 0.0001 2338
1747854108781 0.0001 2339
1747854110618 0.0001 2340
1747854112687 0.0001 2341
1747854113045 0.0001 2342
1747854114944 0.0001 2343
1747854116629 0.0001 2344
1747854116990 0.0001 2345
1747854119065 0.0001 2346
1747854119424 0.0001 2347
1747854121494 0.0001 2348
1747854123423 0.0001 2349
1747854123780 0.0001 2350
1747854125945 0.0001 2351
1747854127836 0.0001 2352
1747854129868 0.0001 2353
1747854130233 0.0001 2354
1747854130589 0.0001 2355
1747854130944 0.0001 2356
1747854157996 0.0001 2357
1747854158694 0.0001 2358
1747854159602 0.0001 2359
1747854160250 0.0001 2360
1747854163367 0.0001 2361
1747854165424 0.0001 2362
1747854167181 0.0001 2363
1747854167542 0.0001 2364
1747854167913 0.0001 2365
1747854168258 0.0001 2366
1747854169145 0.0001 2367
1747854171580 0.0001 2368
1747854173392 0.0001 2369
1747854175077 0.0001 2370
1747854175434 0.0001 2371
1747854175798 0.0001 2372
1747854176334 0.0001 2373
1747854179256 0.0001 2374
1747854181199 0.0001 2375
1747854181544 0.0001 2376
1747854181900 0.0001 2377
1747854182464 0.0001 2378
1747854183326 0.0001 2379
1747854184043 0.0001 2380
1747854186599 0.0001 2381
1747854186985 0.0001 2382
1747854189223 0.0001 2383
1747854189587 0.0001 2384
1747854189950 0.0001 2385
1747854190489 0.0001 2386
1747854192875 0.0001 2387
1747854193255 0.0001 2388
1747854193614 0.0001 2389
1747854194022 0.0001 2390
1747854194767 0.0001 2391
1747854195503 0.0001 2392
1747854196186 0.0001 2393
1747854196866 0.0001 2394
1747854197682 0.0001 2395
1747854198412 0.0001 2396
1747854201361 0.0001 2397
1747854203324 0.0001 2398
1747854203686 0.0001 2399
1747854205694 0.0001 2400
1747854206037 0.0001 2401
1747854207887 0.0001 2402
1747854208248 0.0001 2403
1747854210697 0.0001 2404
1747854212626 0.0001 2405
1747854214505 0.0001 2406
1747854214869 0.0001 2407
1747854215232 0.0001 2408
1747854217769 0.0001 2409
1747854219432 0.0001 2410
1747854219791 0.0001 2411
1747854221849 0.0001 2412
1747854223651 0.0001 2413
1747854225405 0.0001 2414
1747854225771 0.0001 2415
1747854227873 0.0001 2416
1747854228217 0.0001 2417
1747854228560 0.0001 2418
1747854256602 0.0001 2419
1747854257267 0.0001 2420
1747854258088 0.0001 2421
1747854258928 0.0001 2422
1747854259779 0.0001 2423
1747854262308 0.0001 2424
1747854262697 0.0001 2425
1747854263063 0.0001 2426
1747854265553 0.0001 2427
1747854267505 0.0001 2428
1747854269261 0.0001 2429
1747854271299 0.0001 2430
1747854271663 0.0001 2431
1747854272013 0.0001 2432
1747854272357 0.0001 2433
1747854275026 0.0001 2434
1747854275410 0.0001 2435
1747854275787 0.0001 2436
1747854276176 0.0001 2437
1747854276850 0.0001 2438
1747854277695 0.0001 2439
1747854278376 0.0001 2440
1747854279240 0.0001 2441
1747854279899 0.0001 2442
1747854282529 0.0001 2443
1747854282906 0.0001 2444
1747854284948 0.0001 2445
1747854286981 0.0001 2446
1747854287341 0.0001 2447
1747854287719 0.0001 2448
1747854288069 0.0001 2449
1747854291137 0.0001 2450
1747854291497 0.0001 2451
1747854294133 0.0001 2452
1747854294489 0.0001 2453
1747854294831 0.0001 2454
1747854297689 0.0001 2455
1747854299849 0.0001 2456
1747854301948 0.0001 2457
1747854303726 0.0001 2458
1747854305425 0.0001 2459
1747854307098 0.0001 2460
1747854307464 0.0001 2461
1747854309797 0.0001 2462
1747854311725 0.0001 2463
1747854313408 0.0001 2464
1747854313775 0.0001 2465
1747854315936 0.0001 2466
1747854317731 0.0001 2467
1747854318087 0.0001 2468
1747854318459 0.0001 2469
1747854321109 0.0001 2470
1747854323000 0.0001 2471
1747854323370 0.0001 2472
1747854323753 0.0001 2473
1747854326335 0.0001 2474
1747854328063 0.0001 2475
1747854328429 0.0001 2476
1747854330492 0.0001 2477
1747854332431 0.0001 2478
1747854332762 0.0001 2479
1747854334045 0.0001 2480
1747854361517 0.0001 2481
1747854363891 0.0001 2482
1747854364260 0.0001 2483
1747854364643 0.0001 2484
1747854367350 0.0001 2485
1747854367696 0.0001 2486
1747854369854 0.0001 2487
1747854371661 0.0001 2488
1747854373543 0.0001 2489
1747854373930 0.0001 2490
1747854376146 0.0001 2491
1747854376515 0.0001 2492
1747854376878 0.0001 2493
1747854377241 0.0001 2494
1747854378019 0.0001 2495
1747854378842 0.0001 2496
1747854379713 0.0001 2497
1747854380388 0.0001 2498
1747854381065 0.0001 2499
1747854381923 0.0001 2500
1747854382601 0.0001 2501
1747854385860 0.0001 2502
1747854386241 0.0001 2503
1747854386626 0.0001 2504
1747854387091 0.0001 2505
1747854387821 0.0001 2506
1747854388540 0.0001 2507
1747854391289 0.0001 2508
1747854391654 0.0001 2509
1747854392017 0.0001 2510
1747854392521 0.0001 2511
1747854395108 0.0001 2512
1747854397091 0.0001 2513
1747854399238 0.0001 2514
1747854399615 0.0001 2515
1747854399980 0.0001 2516
1747854400406 0.0001 2517
1747854401094 0.0001 2518
1747854401934 0.0001 2519
1747854402643 0.0001 2520
1747854405299 0.0001 2521
1747854405654 0.0001 2522
1747854407719 0.0001 2523
1747854408094 0.0001 2524
1747854410076 0.0001 2525
1747854410448 0.0001 2526
1747854413092 0.0001 2527
1747854413480 0.0001 2528
1747854413849 0.0001 2529
1747854415950 0.0001 2530
1747854417717 0.0001 2531
1747854419437 0.0001 2532
1747854419812 0.0001 2533
1747854421764 0.0001 2534
1747854422130 0.0001 2535
1747854424256 0.0001 2536
1747854426019 0.0001 2537
1747854426395 0.0001 2538
1747854428428 0.0001 2539
1747854430305 0.0001 2540
1747854431713 0.0001 2541
1747854432044 0.0001 2542
1747854461167 0.0001 2543
1747854461549 0.0001 2544
1747854461911 0.0001 2545
1747854464445 0.0001 2546
1747854464819 0.0001 2547
1747854465176 0.0001 2548
1747854467688 0.0001 2549
1747854468075 0.0001 2550
1747854468447 0.0001 2551
1747854468924 0.0001 2552
1747854471889 0.0001 2553
1747854472257 0.0001 2554
1747854474306 0.0001 2555
1747854476466 0.0001 2556
1747854478531 0.0001 2557
1747854478901 0.0001 2558
1747854480900 0.0001 2559
1747854482657 0.0001 2560
1747854483016 0.0001 2561
1747854483392 0.0001 2562
1747854483745 0.0001 2563
1747854486239 0.0001 2564
1747854486619 0.0001 2565
1747854486989 0.0001 2566
1747854487511 0.0001 2567
1747854490035 0.0001 2568
1747854491986 0.0001 2569
1747854493716 0.0001 2570
1747854494090 0.0001 2571
1747854494445 0.0001 2572
1747854494846 0.0001 2573
1747854495532 0.0001 2574
1747854498597 0.0001 2575
1747854498969 0.0001 2576
1747854499316 0.0001 2577
1747854499877 0.0001 2578
1747854500787 0.0001 2579
1747854501431 0.0001 2580
1747854503894 0.0001 2581
1747854504288 0.0001 2582
1747854504636 0.0001 2583
1747854506968 0.0001 2584
1747854508783 0.0001 2585
1747854510464 0.0001 2586
1747854510836 0.0001 2587
1747854511207 0.0001 2588
1747854513424 0.0001 2589
1747854515392 0.0001 2590
1747854515753 0.0001 2591
1747854516143 0.0001 2592
1747854516596 0.0001 2593
1747854517445 0.0001 2594
1747854518282 0.0001 2595
1747854518960 0.0001 2596
1747854521586 0.0001 2597
1747854521929 0.0001 2598
1747854522290 0.0001 2599
1747854522805 0.0001 2600
1747854523456 0.0001 2601
1747854526050 0.0001 2602
1747854526411 0.0001 2603
1747854527891 0.0001 2604
1747854556458 0.0001 2605
1747854556826 0.0001 2606
1747854557187 0.0001 2607
1747854557669 0.0001 2608
1747854558553 0.0001 2609
1747854561627 0.0001 2610
1747854563453 0.0001 2611
1747854563822 0.0001 2612
1747854564208 0.0001 2613
1747854566835 0.0001 2614
1747854567208 0.0001 2615
1747854567589 0.0001 2616
1747854569779 0.0001 2617
1747854570135 0.0001 2618
1747854572383 0.0001 2619
1747854572744 0.0001 2620
1747854574811 0.0001 2621
1747854575181 0.0001 2622
1747854577318 0.0001 2623
1747854579241 0.0001 2624
1747854580849 0.0001 2625
1747854581217 0.0001 2626
1747854581582 0.0001 2627
1747854581931 0.0001 2628
1747854584828 0.0001 2629
1747854585197 0.0001 2630
1747854585568 0.0001 2631
1747854586075 0.0001 2632
1747854588366 0.0001 2633
1747854588713 0.0001 2634
1747854589074 0.0001 2635
1747854589430 0.0001 2636
1747854590272 0.0001 2637
1747854593437 0.0001 2638
1747854595187 0.0001 2639
1747854596847 0.0001 2640
1747854597226 0.0001 2641
1747854597593 0.0001 2642
1747854597943 0.0001 2643
1747854598634 0.0001 2644
1747854601356 0.0001 2645
1747854603160 0.0001 2646
1747854603532 0.0001 2647
1747854603897 0.0001 2648
1747854604392 0.0001 2649
1747854605057 0.0001 2650
1747854605758 0.0001 2651
1747854608622 0.0001 2652
1747854608980 0.0001 2653
1747854611100 0.0001 2654
1747854611450 0.0001 2655
1747854613222 0.0001 2656
1747854615142 0.0001 2657
1747854615490 0.0001 2658
1747854615854 0.0001 2659
1747854616223 0.0001 2660
1747854618830 0.0001 2661
1747854619212 0.0001 2662
1747854621167 0.0001 2663
1747854621530 0.0001 2664
1747854621885 0.0001 2665
1747854623180 0.0001 2666
1747854651902 0.0001 2667
1747854654088 0.0001 2668
1747854655941 0.0001 2669
1747854656311 0.0001 2670
1747854656673 0.0001 2671
1747854657064 0.0001 2672
1747854660144 0.0001 2673
1747854660515 0.0001 2674
1747854660871 0.0001 2675
1747854661451 0.0001 2676
1747854662124 0.0001 2677
1747854664726 0.0001 2678
1747854665086 0.0001 2679
1747854667266 0.0001 2680
1747854667613 0.0001 2681
1747854669585 0.0001 2682
1747854671341 0.0001 2683
1747854671709 0.0001 2684
1747854673588 0.0001 2685
1747854673965 0.0001 2686
1747854674327 0.0001 2687
1747854674909 0.0001 2688
1747854675724 0.0001 2689
1747854678543 0.0001 2690
1747854678932 0.0001 2691
1747854679294 0.0001 2692
1747854681701 0.0001 2693
1747854682054 0.0001 2694
1747854683997 0.0001 2695
1747854684358 0.0001 2696
1747854686338 0.0001 2697
1747854686703 0.0001 2698
1747854687068 0.0001 2699
1747854687426 0.0001 2700
1747854688101 0.0001 2701
1747854690608 0.0001 2702
1747854690978 0.0001 2703
1747854693705 0.0001 2704
1747854694075 0.0001 2705
1747854694427 0.0001 2706
1747854696983 0.0001 2707
1747854699086 0.0001 2708
1747854699451 0.0001 2709
1747854699817 0.0001 2710
1747854700334 0.0001 2711
1747854701130 0.0001 2712
1747854702005 0.0001 2713
1747854702833 0.0001 2714
1747854703573 0.0001 2715
1747854706022 0.0001 2716
1747854706373 0.0001 2717
1747854706735 0.0001 2718
1747854707274 0.0001 2719
1747854707950 0.0001 2720
1747854708809 0.0001 2721
1747854711497 0.0001 2722
1747854713427 0.0001 2723
1747854715161 0.0001 2724
1747854715530 0.0001 2725
1747854717741 0.0001 2726
1747854718110 0.0001 2727
1747854719511 0.0001 2728
1747854746526 0.0001 2729
1747854748881 0.0001 2730
1747854750839 0.0001 2731
1747854751211 0.0001 2732
1747854753588 0.0001 2733
1747854753955 0.0001 2734
1747854755922 0.0001 2735
1747854757856 0.0001 2736
1747854759712 0.0001 2737
1747854761749 0.0001 2738
1747854763348 0.0001 2739
1747854765321 0.0001 2740
1747854765680 0.0001 2741
1747854767698 0.0001 2742
1747854768071 0.0001 2743
1747854768413 0.0001 2744
1747854768981 0.0001 2745
1747854769690 0.0001 2746
1747854770581 0.0001 2747
1747854773181 0.0001 2748
1747854774936 0.0001 2749
1747854775281 0.0001 2750
1747854777350 0.0001 2751
1747854779181 0.0001 2752
1747854779546 0.0001 2753
1747854779901 0.0001 2754
1747854780279 0.0001 2755
1747854780969 0.0001 2756
1747854781674 0.0001 2757
1747854784803 0.0001 2758
1747854786688 0.0001 2759
1747854787055 0.0001 2760
1747854789175 0.0001 2761
1747854789521 0.0001 2762
1747854791499 0.0001 2763
1747854791878 0.0001 2764
1747854792247 0.0001 2765
1747854794719 0.0001 2766
1747854795106 0.0001 2767
1747854795474 0.0001 2768
1747854795848 0.0001 2769
1747854796623 0.0001 2770
1747854797466 0.0001 2771
1747854800149 0.0001 2772
1747854800516 0.0001 2773
1747854802968 0.0001 2774
1747854803336 0.0001 2775
1747854805427 0.0001 2776
1747854805792 0.0001 2777
1747854807711 0.0001 2778
1747854809615 0.0001 2779
1747854809993 0.0001 2780
1747854810348 0.0001 2781
1747854810723 0.0001 2782
1747854811482 0.0001 2783
1747854812315 0.0001 2784
1747854813037 0.0001 2785
1747854813718 0.0001 2786
1747854814461 0.0001 2787
1747854817367 0.0001 2788
1747854817716 0.0001 2789
1747854818066 0.0001 2790
1747854844700 0.0001 2791
1747854847042 0.0001 2792
1747854848833 0.0001 2793
1747854850645 0.0001 2794
1747854851016 0.0001 2795
1747854853458 0.0001 2796
1747854853817 0.0001 2797
1747854854200 0.0001 2798
1747854854546 0.0001 2799
1747854857048 0.0001 2800
1747854859203 0.0001 2801
1747854859574 0.0001 2802
1747854859956 0.0001 2803
1747854862724 0.0001 2804
1747854863078 0.0001 2805
1747854865508 0.0001 2806
1747854865875 0.0001 2807
1747854868188 0.0001 2808
1747854868557 0.0001 2809
1747854868922 0.0001 2810
1747854869266 0.0001 2811
1747854870092 0.0001 2812
1747854872614 0.0001 2813
1747854874317 0.0001 2814
1747854876262 0.0001 2815
1747854876630 0.0001 2816
1747854878556 0.0001 2817
1747854880636 0.0001 2818
1747854882361 0.0001 2819
1747854884098 0.0001 2820
1747854885928 0.0001 2821
1747854886297 0.0001 2822
1747854886655 0.0001 2823
1747854887001 0.0001 2824
1747854887845 0.0001 2825
1747854890428 0.0001 2826
1747854892307 0.0001 2827
1747854894356 0.0001 2828
1747854896374 0.0001 2829
1747854896750 0.0001 2830
1747854898754 0.0001 2831
1747854900556 0.0001 2832
1747854900921 0.0001 2833
1747854901286 0.0001 2834
1747854901630 0.0001 2835
1747854902331 0.0001 2836
1747854902999 0.0001 2837
1747854903673 0.0001 2838
1747854904347 0.0001 2839
1747854905174 0.0001 2840
1747854908142 0.0001 2841
1747854908523 0.0001 2842
1747854908892 0.0001 2843
1747854909426 0.0001 2844
1747854912323 0.0001 2845
1747854913936 0.0001 2846
1747854915565 0.0001 2847
1747854915936 0.0001 2848
1747854916302 0.0001 2849
1747854918905 0.0001 2850
1747854920384 0.0001 2851
1747854920730 0.0001 2852
1747854948481 0.0001 2853
1747854949178 0.0001 2854
1747854952191 0.0001 2855
1747854954005 0.0001 2856
1747854954358 0.0001 2857
1747854954723 0.0001 2858
1747854956787 0.0001 2859
1747854958796 0.0001 2860
1747854959152 0.0001 2861
1747854959502 0.0001 2862
1747854959935 0.0001 2863
1747854960774 0.0001 2864
1747854963180 0.0001 2865
1747854965286 0.0001 2866
1747854965646 0.0001 2867
1747854967918 0.0001 2868
1747854968284 0.0001 2869
1747854968649 0.0001 2870
1747854970972 0.0001 2871
1747854971341 0.0001 2872
1747854971707 0.0001 2873
1747854972048 0.0001 2874
1747854972758 0.0001 2875
1747854975212 0.0001 2876
1747854977120 0.0001 2877
1747854977475 0.0001 2878
1747854977845 0.0001 2879
1747854980431 0.0001 2880
1747854982071 0.0001 2881
1747854982441 0.0001 2882
1747854984629 0.0001 2883
1747854985001 0.0001 2884
1747854985368 0.0001 2885
1747854985718 0.0001 2886
1747854986369 0.0001 2887
1747854987093 0.0001 2888
1747854990079 0.0001 2889
1747854991926 0.0001 2890
1747854993858 0.0001 2891
1747854995473 0.0001 2892
1747854997420 0.0001 2893
1747854999496 0.0001 2894
1747855001196 0.0001 2895
1747855001544 0.0001 2896
1747855003461 0.0001 2897
1747855005126 0.0001 2898
1747855005497 0.0001 2899
1747855007868 0.0001 2900
1747855008238 0.0001 2901
1747855008620 0.0001 2902
1747855009079 0.0001 2903
1747855011739 0.0001 2904
1747855013633 0.0001 2905
1747855013981 0.0001 2906
1747855014349 0.0001 2907
1747855014898 0.0001 2908
1747855015736 0.0001 2909
1747855016590 0.0001 2910
1747855017331 0.0001 2911
1747855018146 0.0001 2912
1747855019014 0.0001 2913
1747855021033 0.0001 2914
1747855047324 0.0001 2915
1747855048153 0.0001 2916
1747855051080 0.0001 2917
1747855052758 0.0001 2918
1747855053128 0.0001 2919
1747855055325 0.0001 2920
1747855057130 0.0001 2921
1747855057496 0.0001 2922
1747855057862 0.0001 2923
1747855058211 0.0001 2924
1747855060764 0.0001 2925
1747855062804 0.0001 2926
1747855064462 0.0001 2927
1747855064834 0.0001 2928
1747855065198 0.0001 2929
1747855065696 0.0001 2930
1747855066364 0.0001 2931
1747855069465 0.0001 2932
1747855071553 0.0001 2933
1747855073685 0.0001 2934
1747855075476 0.0001 2935
1747855075844 0.0001 2936
1747855076219 0.0001 2937
1747855076570 0.0001 2938
1747855077259 0.0001 2939
1747855079807 0.0001 2940
1747855081479 0.0001 2941
1747855081846 0.0001 2942
1747855082209 0.0001 2943
1747855082693 0.0001 2944
1747855085319 0.0001 2945
1747855085690 0.0001 2946
1747855086051 0.0001 2947
1747855086612 0.0001 2948
1747855089434 0.0001 2949
1747855089802 0.0001 2950
1747855092273 0.0001 2951
1747855094166 0.0001 2952
1747855094528 0.0001 2953
1747855094888 0.0001 2954
1747855095227 0.0001 2955
1747855095914 0.0001 2956
1747855096588 0.0001 2957
1747855099529 0.0001 2958
1747855099898 0.0001 2959
1747855100260 0.0001 2960
1747855100828 0.0001 2961
1747855101574 0.0001 2962
1747855104193 0.0001 2963
1747855104578 0.0001 2964
1747855107241 0.0001 2965
1747855109340 0.0001 2966
1747855111278 0.0001 2967
1747855113168 0.0001 2968
1747855113551 0.0001 2969
1747855113911 0.0001 2970
1747855114369 0.0001 2971
1747855115052 0.0001 2972
1747855117974 0.0001 2973
1747855119779 0.0001 2974
1747855120134 0.0001 2975
1747855120479 0.0001 2976
1747855147398 0.0001 2977
1747855148044 0.0001 2978
1747855150982 0.0001 2979
1747855152757 0.0001 2980
1747855153114 0.0001 2981
1747855153478 0.0001 2982
1747855154024 0.0001 2983
1747855157218 0.0001 2984
1747855157583 0.0001 2985
1747855157947 0.0001 2986
1747855160630 0.0001 2987
1747855162483 0.0001 2988
1747855164444 0.0001 2989
1747855166302 0.0001 2990
1747855166671 0.0001 2991
1747855167042 0.0001 2992
1747855167427 0.0001 2993
1747855168096 0.0001 2994
1747855171030 0.0001 2995
1747855172877 0.0001 2996
1747855174836 0.0001 2997
1747855176511 0.0001 2998
1747855176873 0.0001 2999
1747855177252 0.0001 3000
1747855179347 0.0001 3001
1747855179719 0.0001 3002
1747855180091 0.0001 3003
1747855180806 0.0001 3004
1747855183744 0.0001 3005
1747855184104 0.0001 3006
1747855186142 0.0001 3007
1747855186508 0.0001 3008
1747855188473 0.0001 3009
1747855190582 0.0001 3010
1747855192494 0.0001 3011
1747855192857 0.0001 3012
1747855193211 0.0001 3013
1747855195416 0.0001 3014
1747855195780 0.0001 3015
1747855197919 0.0001 3016
1747855199657 0.0001 3017
1747855200034 0.0001 3018
1747855200400 0.0001 3019
1747855202959 0.0001 3020
1747855204595 0.0001 3021
1747855204966 0.0001 3022
1747855205318 0.0001 3023
1747855205725 0.0001 3024
1747855206552 0.0001 3025
1747855207206 0.0001 3026
1747855210304 0.0001 3027
1747855212328 0.0001 3028
1747855212689 0.0001 3029
1747855214886 0.0001 3030
1747855215250 0.0001 3031
1747855217260 0.0001 3032
1747855219048 0.0001 3033
1747855220876 0.0001 3034
1747855221242 0.0001 3035
1747855223315 0.0001 3036
1747855223668 0.0001 3037
1747855224014 0.0001 3038
1747855252349 0.0001 3039
1747855254134 0.0001 3040
1747855255987 0.0001 3041
1747855256357 0.0001 3042
1747855258173 0.0001 3043
1747855258551 0.0001 3044
1747855261075 0.0001 3045
1747855262869 0.0001 3046
1747855264811 0.0001 3047
1747855266512 0.0001 3048
1747855268418 0.0001 3049
1747855270575 0.0001 3050
1747855270939 0.0001 3051
1747855271293 0.0001 3052
1747855271780 0.0001 3053
1747855272476 0.0001 3054
1747855273249 0.0001 3055
1747855273966 0.0001 3056
1747855276987 0.0001 3057
1747855279082 0.0001 3058
1747855280956 0.0001 3059
1747855281328 0.0001 3060
1747855281711 0.0001 3061
1747855284575 0.0001 3062
1747855284935 0.0001 3063
1747855285292 0.0001 3064
1747855288369 0.0001 3065
1747855288731 0.0001 3066
1747855290543 0.0001 3067
1747855292321 0.0001 3068
1747855292702 0.0001 3069
1747855293069 0.0001 3070
1747855295125 0.0001 3071
1747855295490 0.0001 3072
1747855295841 0.0001 3073
1747855298056 0.0001 3074
1747855298431 0.0001 3075
1747855298790 0.0001 3076
1747855299242 0.0001 3077
1747855302079 0.0001 3078
1747855302434 0.0001 3079
1747855302804 0.0001 3080
1747855303342 0.0001 3081
1747855304247 0.0001 3082
1747855305173 0.0001 3083
1747855307846 0.0001 3084
1747855308195 0.0001 3085
1747855310639 0.0001 3086
1747855311006 0.0001 3087
1747855311372 0.0001 3088
1747855314172 0.0001 3089
1747855314528 0.0001 3090
1747855314892 0.0001 3091
1747855315447 0.0001 3092
1747855316203 0.0001 3093
1747855319159 0.0001 3094
1747855319521 0.0001 3095
1747855319894 0.0001 3096
1747855322082 0.0001 3097
1747855322467 0.0001 3098
1747855324248 0.0001 3099
1747855325515 0.0001 3100
