1747850495947 0.7726355195045471 1
1747850522591 0.7304767370223999 1
1747850593819 0.7470951676368713 2
1747850696630 0.7607027888298035 3
1747850801640 0.7896950840950012 4
1747850897552 0.7981768250465393 5
1747850994076 0.8043277263641357 6
1747851090325 0.8099808692932129 7
1747851188491 0.8075205683708191 8
1747851288568 0.8031458854675293 9
1747851390696 0.7964051961898804 10
1747851490960 0.821781575679779 11
1747851589140 0.8240371942520142 12
1747851684398 0.8258205652236938 13
1747851784141 0.818569540977478 14
1747851885151 0.8338818550109863 15
1747851986440 0.8139486908912659 16
1747852092920 0.8000631928443909 17
1747852198118 0.7932433485984802 18
1747852294957 0.8030556440353394 19
1747852385183 0.8299597501754761 20
1747852481981 0.824541449546814 21
1747852580911 0.8053730130195618 22
1747852687215 0.8277269005775452 23
1747852780027 0.8432292342185974 24
1747852873459 0.8298949003219604 25
1747852972391 0.8318507075309753 26
1747853074069 0.8229075074195862 27
1747853167706 0.8524094223976135 28
1747853261134 0.8505659699440002 29
1747853347705 0.8388601541519165 30
1747853439809 0.8466982841491699 31
1747853537858 0.8379288911819458 32
1747853635955 0.843757152557373 33
1747853735836 0.8240669965744019 34
1747853827091 0.8498572111129761 35
1747853925299 0.8147556781768799 36
1747854028580 0.8058180809020996 37
1747854130950 0.8232375979423523 38
1747854228565 0.8582626581192017 39
1747854334051 0.8571475744247437 40
1747854432049 0.8422584533691406 41
1747854527896 0.8416179418563843 42
1747854623185 0.8669913411140442 43
1747854719516 0.8593250513076782 44
1747854818073 0.8621094226837158 45
1747854920735 0.84548020362854 46
1747855021039 0.8277783989906311 47
1747855120485 0.8469424247741699 48
1747855224018 0.8518356680870056 49
1747855325520 0.8508855104446411 50
