1747850495947 0.9355172514915466 1
1747850522591 0.846138060092926 1
1747850593819 0.9295715093612671 2
1747850696630 0.9324172735214233 3
1747850801640 0.934429943561554 4
1747850897552 0.939141571521759 5
1747850994076 0.9386304020881653 6
1747851090325 0.9468144774436951 7
1747851188491 0.946485698223114 8
1747851288568 0.9431940317153931 9
1747851390696 0.9434195756912231 10
1747851490960 0.9451343417167664 11
1747851589140 0.9497469663619995 12
1747851684398 0.9476616978645325 13
1747851784141 0.9449236392974854 14
1747851885151 0.9492378830909729 15
1747851986440 0.9429007768630981 16
1747852092920 0.9389167428016663 17
1747852198118 0.9399080872535706 18
1747852294957 0.9266163110733032 19
1747852385183 0.9401572346687317 20
1747852481981 0.9430781006813049 21
1747852580911 0.9435628056526184 22
1747852687215 0.9467858076095581 23
1747852780027 0.9507753849029541 24
1747852873459 0.9480926990509033 25
1747852972391 0.9486468434333801 26
1747853074069 0.9453727006912231 27
1747853167706 0.9504064321517944 28
1747853261134 0.950488805770874 29
1747853347705 0.9471325874328613 30
1747853439809 0.9503581523895264 31
1747853537858 0.9488834738731384 32
1747853635955 0.9484326839447021 33
1747853735836 0.9454204440116882 34
1747853827091 0.9495501518249512 35
1747853925299 0.9462694525718689 36
1747854028580 0.9405003786087036 37
1747854130950 0.9453746676445007 38
1747854228565 0.9540969133377075 39
1747854334051 0.9532507658004761 40
1747854432049 0.9477871656417847 41
1747854527896 0.9469907283782959 42
1747854623185 0.9566605091094971 43
1747854719516 0.9537439942359924 44
1747854818073 0.9536393880844116 45
1747854920735 0.9514336585998535 46
1747855021039 0.9385879635810852 47
1747855120485 0.9483944773674011 48
1747855224018 0.9529203772544861 49
1747855325520 0.946657121181488 50
