1747850495947 0.8818486332893372 1
1747850593819 0.8700965046882629 2
1747850696630 0.8766300082206726 3
1747850801640 0.8871254324913025 4
1747850897552 0.893351674079895 5
1747850994076 0.8939720988273621 6
1747851090325 0.9014105200767517 7
1747851188491 0.9003568887710571 8
1747851288568 0.8977262377738953 9
1747851390696 0.8948752880096436 10
1747851490960 0.9044610261917114 11
1747851589140 0.9080987572669983 12
1747851684398 0.9083641767501831 13
1747851784141 0.9041277766227722 14
1747851885151 0.9111125469207764 15
1747851986440 0.9013078808784485 16
1747852092920 0.8940110802650452 17
1747852198118 0.8915818929672241 18
1747852294957 0.884871244430542 19
1747852385183 0.904685914516449 20
1747852481981 0.9038175940513611 21
1747852580911 0.897542417049408 22
1747852687215 0.9078973531723022 23
1747852780027 0.915006697177887 24
1747852873459 0.9090960621833801 25
1747852972391 0.9106351137161255 26
1747853074069 0.9052854180335999 27
1747853167706 0.9186450839042664 28
1747853261134 0.9176577925682068 29
1747853347705 0.9127640724182129 30
1747853439809 0.9170829057693481 31
1747853537858 0.9128344058990479 32
1747853635955 0.9144483804702759 33
1747853735836 0.9055339097976685 34
1747853827091 0.9165846109390259 35
1747853925299 0.9032272100448608 36
1747854028580 0.8966584205627441 37
1747854130950 0.905685305595398 38
1747854228565 0.9230805039405823 39
1747854334051 0.9214931726455688 40
1747854432049 0.9125560522079468 41
1747854527896 0.9133617281913757 42
1747854623185 0.9270561337471008 43
1747854719516 0.9229603409767151 44
1747854818073 0.9242546558380127 45
1747854920735 0.9167671203613281 46
1747855021039 0.9037273526191711 47
1747855120485 0.9160298705101013 48
1747855224018 0.9198811650276184 49
1747855325520 0.9162415266036987 50
