1747475345319 0.48185995221138 1
1747475360945 0.7507797479629517 1
1747475369832 0.5650749206542969 2
1747475393453 0.5520827770233154 3
1747475417291 0.5905531048774719 4
1747475442105 0.5859387516975403 5
1747475469701 0.6182464957237244 6
1747475495364 0.5779132843017578 7
1747475521543 0.6043548583984375 8
1747475548547 0.5485236048698425 9
1747475574470 0.5026285648345947 10
1747475599032 0.5969929695129395 11
1747475623941 0.55827796459198 12
1747475649784 0.5608240365982056 13
1747475678257 0.5761127471923828 14
1747475705985 0.5983874201774597 15
1747475730363 0.5953145623207092 16
1747475756387 0.5823974609375 17
1747475783072 0.5725430250167847 18
1747475808727 0.5674540996551514 19
1747475832442 0.6331436038017273 20
1747475859722 0.6110525131225586 21
1747475884506 0.6098346710205078 22
1747475906290 0.613795816898346 23
1747475929281 0.6540658473968506 24
1747475950627 0.6063979864120483 25
1747475972264 0.6168756484985352 26
1747475995512 0.6337268352508545 27
1747476018998 0.6462555527687073 28
1747476043553 0.6267366409301758 29
1747476065595 0.6493196487426758 30
1747476088179 0.6345987319946289 31
1747476114632 0.6208887696266174 32
1747476140306 0.630181074142456 33
1747476164892 0.6254051923751831 34
1747476192594 0.6820890307426453 35
1747476217209 0.6907381415367126 36
1747476247074 0.7076566219329834 37
1747476269918 0.6671803593635559 38
1747476297678 0.6825582981109619 39
1747476324489 0.6525008082389832 40
1747476353050 0.7091045379638672 41
1747476377420 0.6552344560623169 42
1747476402118 0.6901200413703918 43
1747476425672 0.6971781849861145 44
1747476447845 0.6690098643302917 45
1747476470303 0.673488438129425 46
1747476494163 0.6464293599128723 47
1747476516610 0.6823363304138184 48
1747476540354 0.6959587931632996 49
1747476564480 0.6916780471801758 50
