1747475335962 0.5306481122970581 1
1747475338064 0.9841152429580688 2
1747475338411 1.2075293064117432 3
1747475338779 0.9429619908332825 4
1747475339303 1.146949052810669 5
1747475339821 1.0225756168365479 6
1747475342617 0.8231602907180786 7
1747475343977 1.0660345554351807 8
1747475345242 0.6301326751708984 9
1747475363858 0.6342385411262512 10
1747475364222 1.0281450748443604 11
1747475365998 0.6757775545120239 12
1747475366351 0.8010532855987549 13
1747475367974 0.7699954509735107 14
1747475368346 0.9356243014335632 15
1747475368689 1.0645146369934082 16
1747475369101 1.0410501956939697 17
1747475369822 0.5878728628158569 18
1747475385601 0.7368372678756714 19
1747475386207 1.1133506298065186 20
1747475388491 1.036931037902832 21
1747475388870 0.6801341772079468 22
1747475389223 0.9374755620956421 23
1747475389570 0.6954662799835205 24
1747475390243 0.9412378072738647 25
1747475392257 0.5823221206665039 26
1747475393444 1.0285412073135376 27
1747475408776 0.9270565509796143 28
1747475409362 0.7930755019187927 29
1747475411610 0.747306227684021 30
1747475413205 0.6608370542526245 31
1747475413573 0.6017205119132996 32
1747475413928 0.5497093796730042 33
1747475415640 1.0394885540008545 34
1747475416937 1.0368000268936157 35
1747475417282 1.0306885242462158 36
1747475433023 1.026184320449829 37
1747475435368 1.033573031425476 38
1747475435733 0.7529385089874268 39
1747475436097 0.6089984774589539 40
1747475437984 0.5725550651550293 41
1747475439768 1.0066452026367188 42
1747475441399 0.5436340570449829 43
1747475441759 0.7590847611427307 44
1747475442098 0.9158914685249329 45
1747475457875 0.9121266603469849 46
1747475460552 0.9830363988876343 47
1747475461998 0.9715907573699951 48
1747475463647 0.5743104219436646 49
1747475465097 0.9863642454147339 50
1747475467394 0.7328590154647827 51
1747475467766 0.6112887859344482 52
1747475469344 0.5527741312980652 53
1747475469694 0.6771788001060486 54
1747475486241 0.5746258497238159 55
1747475489141 0.5371753573417664 56
1747475490603 1.0405995845794678 57
1747475490976 0.6273301839828491 58
1747475491318 1.0232032537460327 59
1747475491741 1.0266311168670654 60
1747475492573 0.6764156818389893 61
1747475493403 0.5181599259376526 62
1747475495357 1.0073051452636719 63
1747475513287 0.5657107830047607 64
1747475514979 0.6285391449928284 65
1747475516744 0.5200698971748352 66
1747475518216 0.9090157747268677 67
1747475518587 0.9367605447769165 68
1747475520303 0.9933543801307678 69
1747475520693 0.5210037231445312 70
1747475521062 0.6962424516677856 71
1747475521534 0.9823869466781616 72
1747475537713 1.0006695985794067 73
1747475540324 0.5759183168411255 74
1747475540677 0.6191561818122864 75
1747475542782 0.9109094738960266 76
1747475544465 0.6537578701972961 77
1747475546207 1.0363638401031494 78
1747475546624 0.967435359954834 79
1747475547033 0.9509319067001343 80
1747475548536 0.6376291513442993 81
1747475566274 0.9625619649887085 82
1747475566629 0.9197103977203369 83
1747475567032 0.9659013748168945 84
1747475569216 0.6467801928520203 85
1747475569579 0.9205014109611511 86
1747475571389 0.8226960301399231 87
1747475571745 0.9960445165634155 88
1747475573260 0.586857795715332 89
1747475574463 0.5145982503890991 90
1747475591623 0.6673806309700012 91
1747475593290 0.5122741460800171 92
1747475593658 0.4987504184246063 93
1747475594031 1.023241400718689 94
1747475594528 0.9760850071907043 95
1747475595107 1.0156861543655396 96
1747475596968 0.9376870393753052 97
1747475598674 0.5970684289932251 98
1747475599026 0.5474681258201599 99
1747475616618 0.503223717212677 100
1747475618568 0.9630880355834961 101
1747475618967 0.5384488105773926 102
1747475620446 0.9622987508773804 103
1747475620812 1.0041885375976562 104
1747475622577 0.6462597846984863 105
1747475622986 0.5342769026756287 106
1747475623402 0.9689116477966309 107
1747475623935 0.9135847091674805 108
1747475639900 0.7384968996047974 109
1747475642121 0.6400132179260254 110
1747475642526 0.4851090908050537 111
1747475642911 0.9501621723175049 112
1747475644761 0.54733806848526 113
1747475646291 1.06033456325531 114
1747475648178 1.0354323387145996 115
1747475648549 0.9791938066482544 116
1747475649775 0.5649088025093079 117
1747475667771 0.6169191598892212 118
1747475669355 0.5049442052841187 119
1747475671065 0.4813344180583954 120
1747475672442 0.9225975275039673 121
1747475672805 0.9686702489852905 122
1747475675186 0.9580098390579224 123
1747475676699 0.9426895976066589 124
1747475677900 0.6658046245574951 125
1747475678250 0.662124514579773 126
1747475693989 0.5446475744247437 127
1747475694692 0.6440761089324951 128
1747475697113 0.6111981868743896 129
1747475698925 0.9478641748428345 130
1747475700562 0.4980103373527527 131
1747475702054 0.9483576416969299 132
1747475703583 0.9176527261734009 133
1747475704759 0.9657961130142212 134
1747475705977 0.6802940368652344 135
1747475723100 0.9356952905654907 136
1747475723480 0.5262181758880615 137
1747475723835 0.9586203098297119 138
1747475724235 0.7795581817626953 139
1747475726717 0.4920344054698944 140
1747475727068 0.8945753574371338 141
1747475728697 0.579274594783783 142
1747475730024 0.4774743914604187 143
1747475730356 0.937295138835907 144
1747475747678 0.6619733572006226 145
1747475749318 0.7941465377807617 146
1747475749690 0.47162318229675293 147
1747475751873 0.9553428888320923 148
1747475752238 0.8831433653831482 149
1747475752588 0.5485866665840149 150
1747475752945 0.5801333785057068 151
1747475755076 0.9465712308883667 152
1747475756381 0.9287511110305786 153
1747475772183 0.6814100742340088 154
1747475774240 0.90849769115448 155
1747475775986 0.9036742448806763 156
1747475777616 0.8420963287353516 157
1747475777983 0.7390416860580444 158
1747475779578 0.9136219024658203 159
1747475781542 0.540094256401062 160
1747475781888 0.679008960723877 161
1747475783063 0.690340518951416 162
1747475800798 0.7177384495735168 163
1747475802809 0.6221972107887268 164
1747475803219 0.4784544110298157 165
1747475803604 0.8864306211471558 166
1747475804022 0.9429911375045776 167
1747475804581 0.9582892060279846 168
1747475805314 0.4728454351425171 169
1747475807460 0.5954809188842773 170
1747475808719 0.9706119298934937 171
1747475826235 0.568705677986145 172
1747475826591 0.5525659918785095 173
1747475826947 0.9259234666824341 174
1747475827357 0.5286005735397339 175
1747475828067 0.8671295642852783 176
1747475830191 0.9492455720901489 177
1747475831747 0.8933899402618408 178
1747475832092 0.47852009534835815 179
1747475832433 0.5092471837997437 180
1747475849888 0.4812787175178528 181
1747475851374 0.8201296329498291 182
1747475853081 0.5170660018920898 183
1747475854625 0.6204111576080322 184
1747475856181 0.9107226729393005 185
1747475856558 0.904158890247345 186
1747475858299 0.5924532413482666 187
1747475858649 0.5990438461303711 188
1747475859714 0.8748708963394165 189
1747475876732 0.5677687525749207 190
1747475878521 0.8315650820732117 191
1747475878859 0.49117887020111084 192
1747475880512 0.9725958108901978 193
1747475880886 0.8845298886299133 194
1747475882523 0.904584527015686 195
1747475882882 0.4576297402381897 196
1747475883238 0.4285795986652374 197
1747475884498 0.6592626571655273 198
1747475899814 0.6732310652732849 199
1747475900489 0.8151119351387024 200
1747475901152 0.8924612998962402 201
1747475902893 0.9104037284851074 202
1747475903283 0.9454083442687988 203
1747475903641 0.608883261680603 204
1747475905627 0.44295960664749146 205
1747475905950 0.4435039162635803 206
1747475906282 0.6210143566131592 207
1747475921638 0.43855372071266174 208
1747475922346 0.5303135514259338 209
1747475923040 0.8980735540390015 210
1747475925073 0.8302639722824097 211
1747475925421 0.48014742136001587 212
1747475927090 0.5340761542320251 213
1747475927444 0.849320113658905 214
1747475928928 0.42472130060195923 215
1747475929273 0.8674246668815613 216
1747475945042 0.9158127307891846 217
1747475945588 0.8521683812141418 218
1747475946256 0.5977568030357361 219
1747475946805 0.5311726331710815 220
1747475948727 0.8610946536064148 221
1747475949114 0.8201154470443726 222
1747475949486 0.45980069041252136 223
1747475949899 0.681896448135376 224
1747475950618 0.6317504644393921 225
1747475966194 0.5095607042312622 226
1747475968045 0.8418001532554626 227
1747475968386 0.878177285194397 228
1747475968746 0.917673647403717 229
1747475969122 0.5840662717819214 230
1747475971176 0.4382782578468323 231
1747475971539 0.48976773023605347 232
1747475971875 0.46355122327804565 233
1747475972257 0.8971135020256042 234
1747475987961 0.9450741410255432 235
1747475988500 0.4236944317817688 236
1747475990889 0.4593923091888428 237
1747475991318 0.4463302195072174 238
1747475992943 0.534541130065918 239
1747475994454 0.8341308236122131 240
1747475994808 0.6211656332015991 241
1747475995167 0.860552966594696 242
1747475995502 0.7946822643280029 243
1747476012385 0.9214973449707031 244
1747476012725 0.8574051856994629 245
1747476014543 0.40322476625442505 246
1747476014942 0.4444681406021118 247
1747476016651 0.5101998448371887 248
1747476017001 0.823532223701477 249
1747476017356 0.4863443076610565 250
1747476017692 0.5035965442657471 251
1747476018991 0.8542420864105225 252
1747476035918 0.8905147314071655 253
1747476036282 0.4608944058418274 254
1747476038013 0.4367368221282959 255
1747476038381 0.6671954393386841 256
1747476039865 0.3998093605041504 257
1747476040226 0.9221615791320801 258
1747476040587 0.8706692457199097 259
1747476042255 0.4331922233104706 260
1747476043542 0.8080008029937744 261
1747476059015 0.8254815340042114 262
1747476059515 0.8535429835319519 263
1747476061759 0.5028702020645142 264
1747476062144 0.4404982328414917 265
1747476062516 0.8175012469291687 266
1747476062876 0.6968295574188232 267
1747476063320 0.3931849002838135 268
1747476065243 0.8228924870491028 269
1747476065587 0.46622857451438904 270
1747476081198 0.4965912103652954 271
1747476081685 0.8171876072883606 272
1747476082195 0.8342738747596741 273
1747476083922 0.9092450141906738 274
1747476084283 0.4387800097465515 275
1747476084643 0.4871019721031189 276
1747476085007 0.37495744228363037 277
1747476086928 0.6426079273223877 278
1747476088172 0.8674957752227783 279
1747476104058 0.8722812533378601 280
1747476105113 0.4306429624557495 281
1747476105889 0.45193400979042053 282
1747476108837 0.8962584733963013 283
1747476109207 0.8799244165420532 284
1747476109571 0.3853999078273773 285
1747476111782 0.8699544072151184 286
1747476113316 0.5242798328399658 287
1747476114622 0.5743935108184814 288
1747476130663 0.8965811729431152 289
1747476131479 0.4840056300163269 290
1747476132122 0.5279359221458435 291
1747476132902 0.38745248317718506 292
1747476133739 0.8218083381652832 293
1747476134554 0.38870948553085327 294
1747476137799 0.8724629878997803 295
1747476139075 0.4941939115524292 296
1747476140295 0.8302357792854309 297
1747476156461 0.43303364515304565 298
1747476157277 0.8973511457443237 299
1747476159242 0.853829562664032 300
1747476159660 0.7842930555343628 301
1747476160026 0.3794603645801544 302
1747476162515 0.9414141178131104 303
1747476162902 0.42501723766326904 304
1747476164533 0.5159170627593994 305
1747476164884 0.5084295868873596 306
1747476180844 0.48907536268234253 307
1747476182999 0.8501770496368408 308
1747476184964 0.36055925488471985 309
1747476186734 0.8019472360610962 310
1747476188240 0.47421717643737793 311
1747476190249 0.8026975989341736 312
1747476191918 0.5183429718017578 313
1747476192256 0.37947878241539 314
1747476192587 0.7731308937072754 315
1747476208312 0.8634083271026611 316
1747476210607 0.39454561471939087 317
1747476210962 0.5055387616157532 318
1747476211343 0.7885297536849976 319
1747476211706 0.3902550935745239 320
1747476212365 0.7760922908782959 321
1747476214497 0.7865314483642578 322
1747476215906 0.43733036518096924 323
1747476217200 0.3674505352973938 324
1747476233950 0.4219275712966919 325
1747476237836 0.7562418580055237 326
1747476238211 0.517710268497467 327
1747476241167 0.35630980134010315 328
1747476243439 0.8205006718635559 329
1747476243931 0.7743695974349976 330
1747476244288 0.7819118499755859 331
1747476245698 0.38933274149894714 332
1747476247067 0.34280645847320557 333
1747476263387 0.4427848160266876 334
1747476263945 0.7964491844177246 335
1747476264490 0.4166640043258667 336
1747476267538 0.7656593322753906 337
1747476267933 0.34318089485168457 338
1747476268373 0.8780979514122009 339
1747476268814 0.401794970035553 340
1747476269358 0.7940014004707336 341
1747476269912 0.3699474334716797 342
1747476286010 0.43263694643974304 343
1747476288553 0.37153345346450806 344
1747476291160 0.7931179404258728 345
1747476291538 0.9003580808639526 346
1747476293382 0.79262375831604 347
1747476293801 0.33852288126945496 348
1747476296059 0.3869282901287079 349
1747476296418 0.509196400642395 350
1747476297669 0.7709173560142517 351
1747476313395 0.7753428220748901 352
1747476316308 0.8853425979614258 353
1747476316836 0.3886854350566864 354
1747476317282 0.3663228154182434 355
1747476317760 0.7477501630783081 356
1747476320442 0.8429014682769775 357
1747476322269 0.32756227254867554 358
1747476322633 0.45410192012786865 359
1747476324482 0.796197772026062 360
1747476341449 0.38599467277526855 361
1747476342327 0.36077797412872314 362
1747476344936 0.7559012174606323 363
1747476346869 0.4319579601287842 364
1747476348477 0.31696969270706177 365
1747476350546 0.8131062984466553 366
1747476352360 0.7931836843490601 367
1747476352704 0.44108670949935913 368
1747476353042 0.738817572593689 369
1747476369188 0.767544150352478 370
1747476371673 0.3500392436981201 371
1747476372139 0.3884983956813812 372
1747476374080 0.7957667112350464 373
1747476374447 0.35275909304618835 374
1747476374827 0.8220614194869995 375
1747476375216 0.45592570304870605 376
1747476375739 0.789612889289856 377
1747476377413 0.31316643953323364 378
1747476393893 0.7720206379890442 379
1747476396432 0.880311131477356 380
1747476396884 0.3757029175758362 381
1747476397363 0.7475779056549072 382
1747476399426 0.3602927327156067 383
1747476399798 0.3487168550491333 384
1747476400166 0.4153348505496979 385
1747476400525 0.7369483709335327 386
1747476402109 0.4146301746368408 387
1747476417878 0.7567213773727417 388
1747476418415 0.7308083176612854 389
1747476419031 0.445625901222229 390
1747476420916 0.8180348873138428 391
1747476422902 0.5600639581680298 392
1747476423299 0.4140656590461731 393
1747476423698 0.2912289500236511 394
1747476425326 0.7726802825927734 395
1747476425661 0.3210213780403137 396
1747476441630 0.7444038391113281 397
1747476442134 0.3467603623867035 398
1747476442730 0.47683724761009216 399
1747476443422 0.6150369644165039 400
1747476446203 0.3033360540866852 401
1747476446632 0.7773285508155823 402
1747476447094 0.31701135635375977 403
1747476447474 0.8155226707458496 404
1747476447833 0.7607544660568237 405
1747476463563 0.42588818073272705 406
1747476464081 0.31247562170028687 407
1747476464748 0.38270580768585205 408
1747476465244 0.7670451998710632 409
1747476467355 0.38953685760498047 410
1747476467771 0.3898264169692993 411
1747476469599 0.7400133609771729 412
1747476469947 0.7803640961647034 413
1747476470296 0.7776888608932495 414
1747476485994 0.5037090182304382 415
1747476486563 0.30859172344207764 416
1747476488870 0.760521411895752 417
1747476490853 0.7641752362251282 418
1747476491229 0.5938581824302673 419
1747476491604 0.29115259647369385 420
1747476491994 0.36506545543670654 421
1747476493732 0.7291024923324585 422
1747476494154 0.8791328072547913 423
1747476509789 0.3901671767234802 424
1747476510466 0.4123336970806122 425
1747476512666 0.36002296209335327 426
1747476513091 0.7225568890571594 427
1747476515069 0.5010513067245483 428
1747476515434 0.8409892320632935 429
1747476515821 0.7108362913131714 430
1747476516173 0.3337724208831787 431
1747476516602 0.7600929737091064 432
1747476532198 0.7796211838722229 433
1747476534047 0.30936598777770996 434
1747476534420 0.740260899066925 435
1747476536566 0.40577569603919983 436
1747476537014 0.3150806725025177 437
1747476537433 0.34175992012023926 438
1747476537898 0.7432975172996521 439
1747476538491 0.7020298838615417 440
1747476540347 0.4376768171787262 441
1747476557739 0.7005647420883179 442
1747476558301 0.31777748465538025 443
1747476559095 0.3820512294769287 444
1747476559682 0.5003527402877808 445
1747476562703 0.3336138129234314 446
1747476563085 0.7411787509918213 447
1747476563447 0.28840842843055725 448
1747476563895 0.832146406173706 449
1747476564471 0.7710511088371277 450
