1747475335966 0.0001 1
1747475338067 0.0001 2
1747475338416 0.0001 3
1747475338784 0.0001 4
1747475339305 0.0001 5
1747475339824 0.0001 6
1747475342620 0.0001 7
1747475343980 0.0001 8
1747475345244 0.0001 9
1747475363869 0.0001 10
1747475364223 0.0001 11
1747475366001 0.0001 12
1747475366354 0.0001 13
1747475367976 0.0001 14
1747475368348 0.0001 15
1747475368691 0.0001 16
1747475369103 0.0001 17
1747475369825 0.0001 18
1747475385610 0.0001 19
1747475386210 0.0001 20
1747475388502 0.0001 21
1747475388872 0.0001 22
1747475389226 0.0001 23
1747475389572 0.0001 24
1747475390248 0.0001 25
1747475392259 0.0001 26
1747475393445 0.0001 27
1747475408780 0.0001 28
1747475409365 0.0001 29
1747475411612 0.0001 30
1747475413208 0.0001 31
1747475413575 0.0001 32
1747475413931 0.0001 33
1747475415642 0.0001 34
1747475416939 0.0001 35
1747475417285 0.0001 36
1747475433025 0.0001 37
1747475435371 0.0001 38
1747475435737 0.0001 39
1747475436101 0.0001 40
1747475437985 0.0001 41
1747475439770 0.0001 42
1747475441400 0.0001 43
1747475441761 0.0001 44
1747475442100 0.0001 45
1747475457878 0.0001 46
1747475460555 0.0001 47
1747475462000 0.0001 48
1747475463649 0.0001 49
1747475465099 0.0001 50
1747475467398 0.0001 51
1747475467769 0.0001 52
1747475469346 0.0001 53
1747475469695 0.0001 54
1747475486246 0.0001 55
1747475489143 0.0001 56
1747475490605 0.0001 57
1747475490979 0.0001 58
1747475491320 0.0001 59
1747475491745 0.0001 60
1747475492575 0.0001 61
1747475493405 0.0001 62
1747475495359 0.0001 63
1747475513289 0.0001 64
1747475514981 0.0001 65
1747475516745 0.0001 66
1747475518217 0.0001 67
1747475518589 0.0001 68
1747475520305 0.0001 69
1747475520697 0.0001 70
1747475521065 0.0001 71
1747475521537 0.0001 72
1747475537717 0.0001 73
1747475540327 0.0001 74
1747475540679 0.0001 75
1747475542784 0.0001 76
1747475544466 0.0001 77
1747475546209 0.0001 78
1747475546629 0.0001 79
1747475547036 0.0001 80
1747475548539 0.0001 81
1747475566276 0.0001 82
1747475566631 0.0001 83
1747475567035 0.0001 84
1747475569218 0.0001 85
1747475569581 0.0001 86
1747475571391 0.0001 87
1747475571747 0.0001 88
1747475573261 0.0001 89
1747475574465 0.0001 90
1747475591626 0.0001 91
1747475593292 0.0001 92
1747475593660 0.0001 93
1747475594034 0.0001 94
1747475594530 0.0001 95
1747475595111 0.0001 96
1747475596970 0.0001 97
1747475598675 0.0001 98
1747475599028 0.0001 99
1747475616620 0.0001 100
1747475618569 0.0001 101
1747475618969 0.0001 102
1747475620447 0.0001 103
1747475620816 0.0001 104
1747475622580 0.0001 105
1747475622990 0.0001 106
1747475623409 0.0001 107
1747475623937 0.0001 108
1747475639902 0.0001 109
1747475642124 0.0001 110
1747475642529 0.0001 111
1747475642914 0.0001 112
1747475644763 0.0001 113
1747475646294 0.0001 114
1747475648181 0.0001 115
1747475648550 0.0001 116
1747475649777 0.0001 117
1747475667773 0.0001 118
1747475669357 0.0001 119
1747475671067 0.0001 120
1747475672443 0.0001 121
1747475672807 0.0001 122
1747475675188 0.0001 123
1747475676700 0.0001 124
1747475677901 0.0001 125
1747475678252 0.0001 126
1747475693998 0.0001 127
1747475694695 0.0001 128
1747475697115 0.0001 129
1747475698928 0.0001 130
1747475700564 0.0001 131
1747475702057 0.0001 132
1747475703585 0.0001 133
1747475704760 0.0001 134
1747475705979 0.0001 135
1747475723102 0.0001 136
1747475723482 0.0001 137
1747475723838 0.0001 138
1747475724237 0.0001 139
1747475726718 0.0001 140
1747475727070 0.0001 141
1747475728699 0.0001 142
1747475730026 0.0001 143
1747475730358 0.0001 144
1747475747680 0.0001 145
1747475749321 0.0001 146
1747475749694 0.0001 147
1747475751875 0.0001 148
1747475752243 0.0001 149
1747475752592 0.0001 150
1747475752947 0.0001 151
1747475755078 0.0001 152
1747475756382 0.0001 153
1747475772186 0.0001 154
1747475774242 0.0001 155
1747475775987 0.0001 156
1747475777618 0.0001 157
1747475777985 0.0001 158
1747475779579 0.0001 159
1747475781544 0.0001 160
1747475781889 0.0001 161
1747475783065 0.0001 162
1747475800800 0.0001 163
1747475802811 0.0001 164
1747475803222 0.0001 165
1747475803608 0.0001 166
1747475804026 0.0001 167
1747475804584 0.0001 168
1747475805316 0.0001 169
1747475807463 0.0001 170
1747475808721 0.0001 171
1747475826238 0.0001 172
1747475826595 0.0001 173
1747475826950 0.0001 174
1747475827362 0.0001 175
1747475828070 0.0001 176
1747475830192 0.0001 177
1747475831750 0.0001 178
1747475832093 0.0001 179
1747475832435 0.0001 180
1747475849891 0.0001 181
1747475851377 0.0001 182
1747475853083 0.0001 183
1747475854626 0.0001 184
1747475856183 0.0001 185
1747475856561 0.0001 186
1747475858301 0.0001 187
1747475858650 0.0001 188
1747475859716 0.0001 189
1747475876734 0.0001 190
1747475878523 0.0001 191
1747475878862 0.0001 192
1747475880514 0.0001 193
1747475880889 0.0001 194
1747475882524 0.0001 195
1747475882892 0.0001 196
1747475883240 0.0001 197
1747475884499 0.0001 198
1747475899817 0.0001 199
1747475900491 0.0001 200
1747475901157 0.0001 201
1747475902897 0.0001 202
1747475903286 0.0001 203
1747475903643 0.0001 204
1747475905629 0.0001 205
1747475905952 0.0001 206
1747475906284 0.0001 207
1747475921641 0.0001 208
1747475922349 0.0001 209
1747475923043 0.0001 210
1747475925075 0.0001 211
1747475925424 0.0001 212
1747475927093 0.0001 213
1747475927446 0.0001 214
1747475928930 0.0001 215
1747475929274 0.0001 216
1747475945044 0.0001 217
1747475945592 0.0001 218
1747475946259 0.0001 219
1747475946806 0.0001 220
1747475948729 0.0001 221
1747475949118 0.0001 222
1747475949491 0.0001 223
1747475949902 0.0001 224
1747475950620 0.0001 225
1747475966196 0.0001 226
1747475968046 0.0001 227
1747475968389 0.0001 228
1747475968750 0.0001 229
1747475969124 0.0001 230
1747475971178 0.0001 231
1747475971542 0.0001 232
1747475971878 0.0001 233
1747475972259 0.0001 234
1747475987965 0.0001 235
1747475988504 0.0001 236
1747475990891 0.0001 237
1747475991321 0.0001 238
1747475992945 0.0001 239
1747475994456 0.0001 240
1747475994810 0.0001 241
1747475995171 0.0001 242
1747475995504 0.0001 243
1747476012387 0.0001 244
1747476012727 0.0001 245
1747476014546 0.0001 246
1747476014951 0.0001 247
1747476016652 0.0001 248
1747476017004 0.0001 249
1747476017358 0.0001 250
1747476017696 0.0001 251
1747476018992 0.0001 252
1747476035920 0.0001 253
1747476036284 0.0001 254
1747476038015 0.0001 255
1747476038383 0.0001 256
1747476039867 0.0001 257
1747476040230 0.0001 258
1747476040589 0.0001 259
1747476042257 0.0001 260
1747476043544 0.0001 261
1747476059017 0.0001 262
1747476059518 0.0001 263
1747476061761 0.0001 264
1747476062147 0.0001 265
1747476062519 0.0001 266
1747476062878 0.0001 267
1747476063324 0.0001 268
1747476065245 0.0001 269
1747476065588 0.0001 270
1747476081201 0.0001 271
1747476081687 0.0001 272
1747476082197 0.0001 273
1747476083924 0.0001 274
1747476084286 0.0001 275
1747476084657 0.0001 276
1747476085010 0.0001 277
1747476086931 0.0001 278
1747476088173 0.0001 279
1747476104062 0.0001 280
1747476105118 0.0001 281
1747476105892 0.0001 282
1747476108840 0.0001 283
1747476109211 0.0001 284
1747476109574 0.0001 285
1747476111785 0.0001 286
1747476113319 0.0001 287
1747476114624 0.0001 288
1747476130666 0.0001 289
1747476131482 0.0001 290
1747476132131 0.0001 291
1747476132905 0.0001 292
1747476133742 0.0001 293
1747476134558 0.0001 294
1747476137803 0.0001 295
1747476139077 0.0001 296
1747476140298 0.0001 297
1747476156464 0.0001 298
1747476157280 0.0001 299
1747476159246 0.0001 300
1747476159664 0.0001 301
1747476160029 0.0001 302
1747476162518 0.0001 303
1747476162905 0.0001 304
1747476164535 0.0001 305
1747476164887 0.0001 306
1747476180847 0.0001 307
1747476183002 0.0001 308
1747476184965 0.0001 309
1747476186736 0.0001 310
1747476188242 0.0001 311
1747476190251 0.0001 312
1747476191920 0.0001 313
1747476192258 0.0001 314
1747476192589 0.0001 315
1747476208314 0.0001 316
1747476210609 0.0001 317
1747476210965 0.0001 318
1747476211355 0.0001 319
1747476211709 0.0001 320
1747476212369 0.0001 321
1747476214499 0.0001 322
1747476215907 0.0001 323
1747476217202 0.0001 324
1747476233954 0.0001 325
1747476237840 0.0001 326
1747476238216 0.0001 327
1747476241169 0.0001 328
1747476243441 0.0001 329
1747476243934 0.0001 330
1747476244290 0.0001 331
1747476245701 0.0001 332
1747476247069 0.0001 333
1747476263389 0.0001 334
1747476263947 0.0001 335
1747476264493 0.0001 336
1747476267540 0.0001 337
1747476267935 0.0001 338
1747476268377 0.0001 339
1747476268817 0.0001 340
1747476269361 0.0001 341
1747476269913 0.0001 342
1747476286013 0.0001 343
1747476288556 0.0001 344
1747476291161 0.0001 345
1747476291543 0.0001 346
1747476293384 0.0001 347
1747476293804 0.0001 348
1747476296061 0.0001 349
1747476296420 0.0001 350
1747476297671 0.0001 351
1747476313398 0.0001 352
1747476316310 0.0001 353
1747476316839 0.0001 354
1747476317285 0.0001 355
1747476317764 0.0001 356
1747476320445 0.0001 357
1747476322271 0.0001 358
1747476322636 0.0001 359
1747476324484 0.0001 360
1747476341454 0.0001 361
1747476342330 0.0001 362
1747476344938 0.0001 363
1747476346872 0.0001 364
1747476348479 0.0001 365
1747476350549 0.0001 366
1747476352363 0.0001 367
1747476352705 0.0001 368
1747476353044 0.0001 369
1747476369193 0.0001 370
1747476371675 0.0001 371
1747476372143 0.0001 372
1747476374082 0.0001 373
1747476374450 0.0001 374
1747476374832 0.0001 375
1747476375219 0.0001 376
1747476375750 0.0001 377
1747476377416 0.0001 378
1747476393896 0.0001 379
1747476396433 0.0001 380
1747476396887 0.0001 381
1747476397367 0.0001 382
1747476399428 0.0001 383
1747476399800 0.0001 384
1747476400170 0.0001 385
1747476400527 0.0001 386
1747476402111 0.0001 387
1747476417880 0.0001 388
1747476418418 0.0001 389
1747476419035 0.0001 390
1747476420920 0.0001 391
1747476422904 0.0001 392
1747476423303 0.0001 393
1747476423700 0.0001 394
1747476425328 0.0001 395
1747476425663 0.0001 396
1747476441632 0.0001 397
1747476442136 0.0001 398
1747476442734 0.0001 399
1747476443427 0.0001 400
1747476446205 0.0001 401
1747476446634 0.0001 402
1747476447097 0.0001 403
1747476447475 0.0001 404
1747476447836 0.0001 405
1747476463568 0.0001 406
1747476464084 0.0001 407
1747476464750 0.0001 408
1747476465248 0.0001 409
1747476467358 0.0001 410
1747476467773 0.0001 411
1747476469600 0.0001 412
1747476469949 0.0001 413
1747476470298 0.0001 414
1747476485997 0.0001 415
1747476486566 0.0001 416
1747476488871 0.0001 417
1747476490856 0.0001 418
1747476491231 0.0001 419
1747476491607 0.0001 420
1747476491997 0.0001 421
1747476493733 0.0001 422
1747476494155 0.0001 423
1747476509791 0.0001 424
1747476510469 0.0001 425
1747476512668 0.0001 426
1747476513094 0.0001 427
1747476515070 0.0001 428
1747476515436 0.0001 429
1747476515824 0.0001 430
1747476516175 0.0001 431
1747476516604 0.0001 432
1747476532200 0.0001 433
1747476534048 0.0001 434
1747476534422 0.0001 435
1747476536568 0.0001 436
1747476537018 0.0001 437
1747476537436 0.0001 438
1747476537901 0.0001 439
1747476538496 0.0001 440
1747476540349 0.0001 441
1747476557743 0.0001 442
1747476558310 0.0001 443
1747476559101 0.0001 444
1747476559686 0.0001 445
1747476562705 0.0001 446
1747476563089 0.0001 447
1747476563452 0.0001 448
1747476563899 0.0001 449
1747476564473 0.0001 450
