1747475345319 0.4251519441604614 1
1747475360945 0.7442547082901001 1
1747475369832 0.5399102568626404 2
1747475393453 0.46680915355682373 3
1747475417291 0.5477038621902466 4
1747475442105 0.5505943894386292 5
1747475469701 0.5956113338470459 6
1747475495364 0.5198187828063965 7
1747475521543 0.5534287095069885 8
1747475548547 0.516137957572937 9
1747475574470 0.5288681983947754 10
1747475599032 0.5776863098144531 11
1747475623941 0.4884423017501831 12
1747475649784 0.5324501395225525 13
1747475678257 0.5730023384094238 14
1747475705985 0.5479639172554016 15
1747475730363 0.5552772283554077 16
1747475756387 0.5070229768753052 17
1747475783072 0.5085763335227966 18
1747475808727 0.5692310333251953 19
1747475832442 0.5802991986274719 20
1747475859722 0.5877728462219238 21
1747475884506 0.5949084758758545 22
1747475906290 0.5412364602088928 23
1747475929281 0.6117671132087708 24
1747475950627 0.5411153435707092 25
1747475972264 0.5684096813201904 26
1747475995512 0.6263571381568909 27
1747476018998 0.6151596903800964 28
1747476043553 0.5805833339691162 29
1747476065595 0.585674524307251 30
1747476088179 0.5447170734405518 31
1747476114632 0.5680326819419861 32
1747476140306 0.6152227520942688 33
1747476164892 0.5977917909622192 34
1747476192594 0.6286352872848511 35
1747476217209 0.6428617835044861 36
1747476247074 0.6632307767868042 37
1747476269918 0.6500083208084106 38
1747476297678 0.628193736076355 39
1747476324489 0.5797404050827026 40
1747476353050 0.6520581841468811 41
1747476377420 0.6077879071235657 42
1747476402118 0.6716962456703186 43
1747476425672 0.6521004438400269 44
1747476447845 0.6309185028076172 45
1747476470303 0.6734724044799805 46
1747476494163 0.632167637348175 47
1747476516610 0.6376473307609558 48
1747476540354 0.697812020778656 49
1747476564480 0.6701198816299438 50
