1747475345319 0.4535059332847595 1
1747475369832 0.5524925589561462 2
1747475393453 0.5094459652900696 3
1747475417291 0.5691284537315369 4
1747475442105 0.5682665705680847 5
1747475469701 0.6069288849830627 6
1747475495364 0.5488660335540771 7
1747475521543 0.5788917541503906 8
1747475548547 0.5323307514190674 9
1747475574470 0.5157483816146851 10
1747475599032 0.5873396396636963 11
1747475623941 0.5233601331710815 12
1747475649784 0.5466370582580566 13
1747475678257 0.5745575428009033 14
1747475705985 0.5731756687164307 15
1747475730363 0.5752958655357361 16
1747475756387 0.5447102785110474 17
1747475783072 0.5405596494674683 18
1747475808727 0.5683426260948181 19
1747475832442 0.6067214012145996 20
1747475859722 0.5994126796722412 21
1747475884506 0.6023715734481812 22
1747475906290 0.5775161385536194 23
1747475929281 0.6329164505004883 24
1747475950627 0.5737566351890564 25
1747475972264 0.5926426649093628 26
1747475995512 0.6300420165061951 27
1747476018998 0.6307076215744019 28
1747476043553 0.6036599278450012 29
1747476065595 0.6174970269203186 30
1747476088179 0.5896579027175903 31
1747476114632 0.5944607257843018 32
1747476140306 0.6227019429206848 33
1747476164892 0.6115984916687012 34
1747476192594 0.6553621292114258 35
1747476217209 0.6667999625205994 36
1747476247074 0.6854437589645386 37
1747476269918 0.6585943698883057 38
1747476297678 0.6553760766983032 39
1747476324489 0.6161206364631653 40
1747476353050 0.6805813908576965 41
1747476377420 0.6315112113952637 42
1747476402118 0.6809080839157104 43
1747476425672 0.6746394038200378 44
1747476447845 0.6499641537666321 45
1747476470303 0.6734804511070251 46
1747476494163 0.6392984986305237 47
1747476516610 0.6599918603897095 48
1747476540354 0.6968854069709778 49
1747476564480 0.6808989644050598 50
