1747474038303 0.6075012683868408 1
1747474057230 0.7007195949554443 1
1747474070347 0.5999966263771057 2
1747474098059 0.6388042569160461 3
1747474127590 0.6641032099723816 4
1747474152505 0.6857884526252747 5
1747474180432 0.693317174911499 6
1747474205598 0.6210212111473083 7
1747474225144 0.6280390620231628 8
1747474247753 0.6574915647506714 9
1747474269825 0.6703259944915771 10
1747474295299 0.6809782981872559 11
1747474320426 0.6704926490783691 12
1747474345692 0.685520350933075 13
1747474369289 0.6872826218605042 14
1747474395968 0.639892041683197 15
1747474417531 0.6666362285614014 16
1747474440433 0.7209186553955078 17
1747474459855 0.691837728023529 18
1747474482963 0.5860010981559753 19
1747474506910 0.6904006004333496 20
1747474532909 0.6931528449058533 21
1747474555328 0.7015295028686523 22
1747474575093 0.6785798072814941 23
1747474595128 0.6940088272094727 24
1747474616691 0.7182235717773438 25
1747474639216 0.726097583770752 26
1747474666801 0.6671085357666016 27
1747474690084 0.6871373057365417 28
1747474712932 0.7168567776679993 29
1747474734842 0.7142125964164734 30
1747474759049 0.7271451950073242 31
1747474785896 0.7571219801902771 32
1747474813033 0.7551238536834717 33
1747474841590 0.7544586658477783 34
1747474868977 0.718027651309967 35
1747474893521 0.733564555644989 36
1747474915235 0.7541792392730713 37
1747474936668 0.7791125774383545 38
1747474964015 0.7515838742256165 39
1747474987425 0.7672269344329834 40
1747475011895 0.7590805888175964 41
1747475034268 0.7468819618225098 42
1747475057727 0.7707955837249756 43
1747475080605 0.7436835169792175 44
1747475102010 0.7649557590484619 45
1747475123434 0.6730945706367493 46
1747475144354 0.7541075348854065 47
1747475164628 0.7334631085395813 48
1747475184635 0.7520924210548401 49
1747475205895 0.6891887784004211 50
