1747474034439 0.6101744771003723 1
1747474034823 0.9622074365615845 2
1747474037009 0.6962273120880127 3
1747474037380 1.1412607431411743 4
1747474037739 1.3018935918807983 5
1747474038133 0.590593695640564 6
1747474062007 1.2195141315460205 7
1747474064097 1.0639445781707764 8
1747474064566 0.8242180347442627 9
1747474066828 0.6680248975753784 10
1747474068502 0.6889456510543823 11
1747474070330 0.7344928979873657 12
1747474092438 0.7309609651565552 13
1747474092812 0.6157448887825012 14
1747474095249 1.0458167791366577 15
1747474095793 0.6785424947738647 16
1747474097536 0.7563189268112183 17
1747474098050 1.1598551273345947 18
1747474122004 0.7463765144348145 19
1747474123982 0.5611399412155151 20
1747474124453 0.6303173303604126 21
1747474124955 1.1656556129455566 22
1747474125480 1.040466547012329 23
1747474127581 0.5781344175338745 24
1747474147053 0.718738317489624 25
1747474148952 0.564984917640686 26
1747474149330 1.0144294500350952 27
1747474151686 1.1259324550628662 28
1747474152052 0.6429861783981323 29
1747474152487 0.5571326017379761 30
1747474173065 0.5543442964553833 31
1747474173873 0.9721537828445435 32
1747474176638 0.7260981202125549 33
1747474177096 0.5791537761688232 34
1747474178902 0.6204813122749329 35
1747474180425 1.1179627180099487 36
1747474201333 0.9231734871864319 37
1747474201706 1.052164077758789 38
1747474203469 1.0961174964904785 39
1747474203867 0.5513978600502014 40
1747474205246 0.6300132274627686 41
1747474205589 0.6793922781944275 42
1747474221112 0.5421678423881531 43
1747474223307 0.6054677367210388 44
1747474223669 0.7331629991531372 45
1747474224035 1.10804283618927 46
1747474224413 0.9597324132919312 47
1747474225137 0.9416420459747314 48
1747474241901 0.9141201972961426 49
1747474243528 0.5741766095161438 50
1747474245285 0.6855812668800354 51
1747474246991 0.5399137735366821 52
1747474247344 1.0899224281311035 53
1747474247746 1.0075639486312866 54
1747474265922 0.6629874110221863 55
1747474267978 1.0733016729354858 56
1747474268386 0.5259040594100952 57
1747474268760 0.6352112293243408 58
1747474269249 0.5650510191917419 59
1747474269817 0.9957795739173889 60
1747474289844 0.5458536148071289 61
1747474291799 0.801393449306488 62
1747474292303 0.5819037556648254 63
1747474292789 0.5099918842315674 64
1747474293259 1.0838346481323242 65
1747474295287 0.9348064661026001 66
1747474315634 0.9287209510803223 67
1747474318100 0.6655694246292114 68
1747474318582 0.7784761190414429 69
1747474319096 0.5689358711242676 70
1747474319572 0.5047476887702942 71
1747474320416 1.0659898519515991 72
1747474340230 0.5741238594055176 73
1747474340724 0.9305297136306763 74
1747474341280 0.6649156808853149 75
1747474343541 0.6272600889205933 76
1747474344020 0.5388703942298889 77
1747474345681 1.086307168006897 78
1747474364459 0.7342199087142944 79
1747474364996 0.899753987789154 80
1747474365638 0.5003548860549927 81
1747474366476 0.4949312210083008 82
1747474368819 0.6053377389907837 83
1747474369281 1.075470209121704 84
1747474389248 0.4949939250946045 85
1747474391682 0.9169899821281433 86
1747474393397 0.5594810247421265 87
1747474393883 1.0566082000732422 88
1747474395438 0.5095115900039673 89
1747474395958 1.0127971172332764 90
1747474413965 0.6281636953353882 91
1747474414383 1.0275601148605347 92
1747474416323 0.6961073875427246 93
1747474416721 0.9018039703369141 94
1747474417164 0.5206029415130615 95
1747474417523 0.7360992431640625 96
1747474435543 0.5122479796409607 97
1747474437390 0.9151443243026733 98
1747474437810 0.540067195892334 99
1747474438233 1.025898814201355 100
1747474439982 0.4977034330368042 101
1747474440427 0.6197553277015686 102
1747474456926 0.4803834557533264 103
1747474457472 1.027634859085083 104
1747474458191 0.5084815621376038 105
1747474458762 0.6483065485954285 106
1747474459327 0.5355422496795654 107
1747474459849 0.973414957523346 108
1747474475392 0.816469669342041 109
1747474478311 1.0367376804351807 110
1747474480595 0.8717936873435974 111
1747474480972 0.5984758138656616 112
1747474482608 0.8982607126235962 113
1747474482955 0.6632152199745178 114
1747474502085 0.6251087188720703 115
1747474502499 0.5000767707824707 116
1747474502951 0.6941614151000977 117
1747474505045 0.4954306483268738 118
1747474506464 1.0260469913482666 119
1747474506902 0.879173994064331 120
1747474527920 0.5609047412872314 121
1747474528417 1.038688063621521 122
1747474528856 0.49347907304763794 123
1747474531083 0.89806067943573 124
1747474532479 0.5825859904289246 125
1747474532901 0.5446456074714661 126
1747474548958 0.5653462409973145 127
1747474551140 1.0803465843200684 128
1747474551518 0.723065197467804 129
1747474551869 0.8557833433151245 130
1747474553860 0.47922876477241516 131
1747474555321 0.48808491230010986 132
1747474572657 0.47208741307258606 133
1747474573018 0.9112491011619568 134
1747474573372 1.0636250972747803 135
1747474573817 0.6164648532867432 136
1747474574391 0.45664870738983154 137
1747474575087 0.6667351722717285 138
1747474591803 0.9894749522209167 139
1747474592149 0.4576922655105591 140
1747474594045 0.622382640838623 141
1747474594401 0.5161547064781189 142
1747474594771 0.4647139012813568 143
1747474595120 1.006476640701294 144
1747474610844 0.5667730569839478 145
1747474612991 0.8710224628448486 146
1747474613369 0.4471629559993744 147
1747474615204 0.4602891802787781 148
1747474616339 0.5178282856941223 149
1747474616685 1.0183937549591064 150
1747474633742 0.8580536842346191 151
1747474635365 0.46170297265052795 152
1747474637237 0.5710442066192627 153
1747474637621 0.4282646179199219 154
1747474638857 1.0008118152618408 155
1747474639208 0.5582773685455322 156
1747474658952 0.8369925618171692 157
1747474661008 0.6444054245948792 158
1747474661437 0.5225602388381958 159
1747474663555 0.7935773134231567 160
1747474665196 0.4557735323905945 161
1747474666793 1.0354384183883667 162
1747474684727 0.6114472150802612 163
1747474686333 0.8555989265441895 164
1747474686699 1.0437349081039429 165
1747474687046 0.5597413778305054 166
1747474688734 0.5433527231216431 167
1747474690078 0.4554659426212311 168
1747474705858 0.4356008470058441 169
1747474708113 0.8842328190803528 170
1747474709772 0.9536435604095459 171
1747474711341 0.5099791288375854 172
1747474712566 0.4721941351890564 173
1747474712923 0.5831764936447144 174
1747474732310 0.9440237283706665 175
1747474732792 0.48637932538986206 176
1747474733240 0.6042779088020325 177
1747474733652 0.8456874489784241 178
1747474734261 0.5061328411102295 179
1747474734833 0.4268813729286194 180
1747474751804 0.9843553900718689 181
1747474752670 0.5206502676010132 182
1747474753476 0.42581743001937866 183
1747474755994 0.49464845657348633 184
1747474757641 0.8455675840377808 185
1747474759041 0.4207281172275543 186
1747474777987 0.414931058883667 187
1747474780503 0.4747259020805359 188
1747474782241 0.5137834548950195 189
1747474784176 1.020330786705017 190
1747474784646 0.39632049202919006 191
1747474785889 0.8232506513595581 192
1747474806631 0.4013345241546631 193
1747474808474 0.49939796328544617 194
1747474809029 0.4595026671886444 195
1747474809542 0.8125864863395691 196
1747474811467 0.9587216377258301 197
1747474813023 0.4793006181716919 198
1747474835189 0.41257187724113464 199
1747474835628 0.4946651756763458 200
1747474837565 0.46041011810302734 201
1747474839568 0.9409803152084351 202
1747474840085 0.8137023448944092 203
1747474841582 0.5072962045669556 204
1747474863736 0.49002090096473694 205
1747474865581 1.0036134719848633 206
1747474866118 0.5707241296768188 207
1747474867981 0.45830070972442627 208
1747474868452 0.8194552063941956 209
1747474868971 0.396982342004776 210
1747474890304 0.4328017830848694 211
1747474890662 0.8335123062133789 212
1747474891047 0.4426417946815491 213
1747474892809 0.40387046337127686 214
1747474893161 0.6308360695838928 215
1747474893513 0.9558100700378418 216
1747474910403 0.9763250350952148 217
1747474910762 0.3856911063194275 218
1747474911132 0.48858731985092163 219
1747474912780 0.45710110664367676 220
1747474913894 0.803707480430603 221
1747474915224 0.4258018136024475 222
1747474930589 0.5089135766029358 223
1747474933610 0.39652836322784424 224
1747474933990 0.7885108590126038 225
1747474934443 0.4361472725868225 226
1747474936265 0.9202632308006287 227
1747474936658 0.4242720901966095 228
1747474957264 0.43714630603790283 229
1747474959209 0.4772288501262665 230
1747474961207 0.8871013522148132 231
1747474963228 0.5889621376991272 232
1747474963561 0.8120523691177368 233
1747474964006 0.37843576073646545 234
1747474982734 0.8965907096862793 235
1747474984639 0.824072003364563 236
1747474985064 0.37625131011009216 237
1747474985493 0.3750874102115631 238
1747474987067 0.4419704079627991 239
1747474987418 0.5350754857063293 240
1747475006278 0.37134236097335815 241
1747475006950 0.797027587890625 242
1747475009565 0.4224008321762085 243
1747475009971 0.46142518520355225 244
1747475010328 0.947327196598053 245
1747475011888 0.43173712491989136 246
1747475029891 0.41763195395469666 247
1747475030445 0.9626495838165283 248
1747475031230 0.3576679229736328 249
1747475033550 0.5030873417854309 250
1747475033916 0.8190263509750366 251
1747475034260 0.3760738968849182 252
1747475052302 0.4213179051876068 253
1747475052689 0.782750129699707 254
1747475053078 0.4902734160423279 255
1747475055069 0.3673169016838074 256
1747475056360 0.8656009435653687 257
1747475057720 0.41022616624832153 258
1747475075542 0.4738611578941345 259
1747475075976 0.44357621669769287 260
1747475077908 0.3654327392578125 261
1747475078435 0.3488159775733948 262
1747475078949 0.8823041915893555 263
1747475080594 0.842632532119751 264
1747475096809 0.3892713189125061 265
1747475099309 0.5344759225845337 266
1747475100933 0.4785194396972656 267
1747475101310 0.8827420473098755 268
1747475101663 0.3438561260700226 269
1747475102002 0.772011935710907 270
1747475118967 0.8646642565727234 271
1747475120617 0.41469645500183105 272
1747475122295 0.8411286473274231 273
1747475122669 0.6002016067504883 274
1747475123029 0.4500058889389038 275
1747475123427 0.7235668301582336 276
1747475141303 0.3592020273208618 277
1747475141696 0.5359815359115601 278
1747475142063 0.969328761100769 279
1747475142433 0.35016554594039917 280
1747475142915 0.7674210667610168 281
1747475144347 0.48710542917251587 282
1747475159941 0.829423189163208 283
1747475161839 0.5182229280471802 284
1747475162194 0.8854130506515503 285
1747475163915 0.4176430106163025 286
1747475164261 0.358129620552063 287
1747475164621 0.4935908913612366 288
1747475180074 0.7714561820030212 289
1747475180804 0.8780190348625183 290
1747475181383 0.36795300245285034 291
1747475182111 0.4531908333301544 292
1747475184280 0.3694096803665161 293
1747475184629 0.44646337628364563 294
1747475201879 0.6102167963981628 295
1747475202226 0.3340252935886383 296
1747475202579 0.6181347370147705 297
1747475202943 0.6033324003219604 298
1747475204559 0.8947934508323669 299
1747475205886 0.8096926212310791 300
