1747474034441 0.0001 1
1747474034825 0.0001 2
1747474037010 0.0001 3
1747474037384 0.0001 4
1747474037743 0.0001 5
1747474038134 0.0001 6
1747474062021 0.0001 7
1747474064100 0.0001 8
1747474064569 0.0001 9
1747474066830 0.0001 10
1747474068504 0.0001 11
1747474070332 0.0001 12
1747474092440 0.0001 13
1747474092814 0.0001 14
1747474095251 0.0001 15
1747474095796 0.0001 16
1747474097538 0.0001 17
1747474098051 0.0001 18
1747474122007 0.0001 19
1747474123984 0.0001 20
1747474124465 0.0001 21
1747474124958 0.0001 22
1747474125483 0.0001 23
1747474127583 0.0001 24
1747474147055 0.0001 25
1747474148954 0.0001 26
1747474149333 0.0001 27
1747474151687 0.0001 28
1747474152054 0.0001 29
1747474152488 0.0001 30
1747474173070 0.0001 31
1747474173875 0.0001 32
1747474176642 0.0001 33
1747474177098 0.0001 34
1747474178904 0.0001 35
1747474180426 0.0001 36
1747474201336 0.0001 37
1747474201707 0.0001 38
1747474203471 0.0001 39
1747474203870 0.0001 40
1747474205248 0.0001 41
1747474205591 0.0001 42
1747474221113 0.0001 43
1747474223309 0.0001 44
1747474223672 0.0001 45
1747474224036 0.0001 46
1747474224422 0.0001 47
1747474225139 0.0001 48
1747474241904 0.0001 49
1747474243530 0.0001 50
1747474245287 0.0001 51
1747474246993 0.0001 52
1747474247347 0.0001 53
1747474247747 0.0001 54
1747474265923 0.0001 55
1747474267980 0.0001 56
1747474268389 0.0001 57
1747474268763 0.0001 58
1747474269255 0.0001 59
1747474269819 0.0001 60
1747474289847 0.0001 61
1747474291800 0.0001 62
1747474292306 0.0001 63
1747474292792 0.0001 64
1747474293262 0.0001 65
1747474295290 0.0001 66
1747474315638 0.0001 67
1747474318102 0.0001 68
1747474318584 0.0001 69
1747474319099 0.0001 70
1747474319574 0.0001 71
1747474320418 0.0001 72
1747474340232 0.0001 73
1747474340727 0.0001 74
1747474341284 0.0001 75
1747474343543 0.0001 76
1747474344022 0.0001 77
1747474345683 0.0001 78
1747474364466 0.0001 79
1747474365000 0.0001 80
1747474365641 0.0001 81
1747474366479 0.0001 82
1747474368821 0.0001 83
1747474369283 0.0001 84
1747474389251 0.0001 85
1747474391684 0.0001 86
1747474393399 0.0001 87
1747474393886 0.0001 88
1747474395440 0.0001 89
1747474395960 0.0001 90
1747474413968 0.0001 91
1747474414389 0.0001 92
1747474416325 0.0001 93
1747474416724 0.0001 94
1747474417167 0.0001 95
1747474417525 0.0001 96
1747474435545 0.0001 97
1747474437392 0.0001 98
1747474437812 0.0001 99
1747474438237 0.0001 100
1747474439983 0.0001 101
1747474440429 0.0001 102
1747474456929 0.0001 103
1747474457475 0.0001 104
1747474458194 0.0001 105
1747474458765 0.0001 106
1747474459328 0.0001 107
1747474459851 0.0001 108
1747474475394 0.0001 109
1747474478314 0.0001 110
1747474480598 0.0001 111
1747474480974 0.0001 112
1747474482609 0.0001 113
1747474482957 0.0001 114
1747474502087 0.0001 115
1747474502502 0.0001 116
1747474502954 0.0001 117
1747474505047 0.0001 118
1747474506466 0.0001 119
1747474506904 0.0001 120
1747474527922 0.0001 121
1747474528420 0.0001 122
1747474528859 0.0001 123
1747474531086 0.0001 124
1747474532481 0.0001 125
1747474532903 0.0001 126
1747474548960 0.0001 127
1747474551142 0.0001 128
1747474551521 0.0001 129
1747474551872 0.0001 130
1747474553862 0.0001 131
1747474555323 0.0001 132
1747474572659 0.0001 133
1747474573020 0.0001 134
1747474573374 0.0001 135
1747474573820 0.0001 136
1747474574394 0.0001 137
1747474575088 0.0001 138
1747474591804 0.0001 139
1747474592151 0.0001 140
1747474594046 0.0001 141
1747474594403 0.0001 142
1747474594773 0.0001 143
1747474595122 0.0001 144
1747474610846 0.0001 145
1747474612993 0.0001 146
1747474613371 0.0001 147
1747474615206 0.0001 148
1747474616342 0.0001 149
1747474616687 0.0001 150
1747474633743 0.0001 151
1747474635366 0.0001 152
1747474637239 0.0001 153
1747474637623 0.0001 154
1747474638859 0.0001 155
1747474639210 0.0001 156
1747474658956 0.0001 157
1747474661010 0.0001 158
1747474661439 0.0001 159
1747474663557 0.0001 160
1747474665197 0.0001 161
1747474666794 0.0001 162
1747474684729 0.0001 163
1747474686335 0.0001 164
1747474686702 0.0001 165
1747474687050 0.0001 166
1747474688735 0.0001 167
1747474690079 0.0001 168
1747474705862 0.0001 169
1747474708114 0.0001 170
1747474709774 0.0001 171
1747474711343 0.0001 172
1747474712569 0.0001 173
1747474712926 0.0001 174
1747474732312 0.0001 175
1747474732804 0.0001 176
1747474733242 0.0001 177
1747474733655 0.0001 178
1747474734264 0.0001 179
1747474734835 0.0001 180
1747474751806 0.0001 181
1747474752672 0.0001 182
1747474753479 0.0001 183
1747474755997 0.0001 184
1747474757643 0.0001 185
1747474759042 0.0001 186
1747474777989 0.0001 187
1747474780505 0.0001 188
1747474782242 0.0001 189
1747474784179 0.0001 190
1747474784648 0.0001 191
1747474785891 0.0001 192
1747474806633 0.0001 193
1747474808477 0.0001 194
1747474809032 0.0001 195
1747474809545 0.0001 196
1747474811469 0.0001 197
1747474813025 0.0001 198
1747474835191 0.0001 199
1747474835631 0.0001 200
1747474837567 0.0001 201
1747474839569 0.0001 202
1747474840087 0.0001 203
1747474841584 0.0001 204
1747474863738 0.0001 205
1747474865583 0.0001 206
1747474866120 0.0001 207
1747474867983 0.0001 208
1747474868455 0.0001 209
1747474868972 0.0001 210
1747474890307 0.0001 211
1747474890665 0.0001 212
1747474891050 0.0001 213
1747474892812 0.0001 214
1747474893163 0.0001 215
1747474893515 0.0001 216
1747474910406 0.0001 217
1747474910764 0.0001 218
1747474911136 0.0001 219
1747474912781 0.0001 220
1747474913896 0.0001 221
1747474915225 0.0001 222
1747474930594 0.0001 223
1747474933613 0.0001 224
1747474933991 0.0001 225
1747474934447 0.0001 226
1747474936266 0.0001 227
1747474936660 0.0001 228
1747474957266 0.0001 229
1747474959211 0.0001 230
1747474961209 0.0001 231
1747474963229 0.0001 232
1747474963563 0.0001 233
1747474964008 0.0001 234
1747474982735 0.0001 235
1747474984643 0.0001 236
1747474985066 0.0001 237
1747474985496 0.0001 238
1747474987069 0.0001 239
1747474987420 0.0001 240
1747475006280 0.0001 241
1747475006953 0.0001 242
1747475009567 0.0001 243
1747475009975 0.0001 244
1747475010330 0.0001 245
1747475011890 0.0001 246
1747475029894 0.0001 247
1747475030447 0.0001 248
1747475031232 0.0001 249
1747475033552 0.0001 250
1747475033917 0.0001 251
1747475034263 0.0001 252
1747475052304 0.0001 253
1747475052691 0.0001 254
1747475053081 0.0001 255
1747475055071 0.0001 256
1747475056362 0.0001 257
1747475057722 0.0001 258
1747475075543 0.0001 259
1747475075978 0.0001 260
1747475077910 0.0001 261
1747475078437 0.0001 262
1747475078951 0.0001 263
1747475080596 0.0001 264
1747475096811 0.0001 265
1747475099310 0.0001 266
1747475100935 0.0001 267
1747475101312 0.0001 268
1747475101664 0.0001 269
1747475102005 0.0001 270
1747475118969 0.0001 271
1747475120620 0.0001 272
1747475122297 0.0001 273
1747475122671 0.0001 274
1747475123039 0.0001 275
1747475123428 0.0001 276
1747475141305 0.0001 277
1747475141705 0.0001 278
1747475142067 0.0001 279
1747475142439 0.0001 280
1747475142917 0.0001 281
1747475144348 0.0001 282
1747475159943 0.0001 283
1747475161841 0.0001 284
1747475162197 0.0001 285
1747475163917 0.0001 286
1747475164262 0.0001 287
1747475164623 0.0001 288
1747475180076 0.0001 289
1747475180812 0.0001 290
1747475181385 0.0001 291
1747475182114 0.0001 292
1747475184282 0.0001 293
1747475184631 0.0001 294
1747475201881 0.0001 295
1747475202228 0.0001 296
1747475202583 0.0001 297
1747475202945 0.0001 298
1747475204561 0.0001 299
1747475205889 0.0001 300
