1747474038303 0.5129427313804626 1
1747474057230 0.7097875475883484 1
1747474070347 0.5848718881607056 2
1747474098059 0.5857259035110474 3
1747474127590 0.643982470035553 4
1747474152505 0.6569241881370544 5
1747474180432 0.6579685211181641 6
1747474205598 0.48794278502464294 7
1747474225144 0.5706034302711487 8
1747474247753 0.4926668703556061 9
1747474269825 0.5911900997161865 10
1747474295299 0.6315553188323975 11
1747474320426 0.56730717420578 12
1747474345692 0.6011233925819397 13
1747474369289 0.6457403898239136 14
1747474395968 0.5668731331825256 15
1747474417531 0.599135160446167 16
1747474440433 0.6805944442749023 17
1747474459855 0.6359778046607971 18
1747474482963 0.45017847418785095 19
1747474506910 0.6227646470069885 20
1747474532909 0.6507771611213684 21
1747474555328 0.6298988461494446 22
1747474575093 0.6120321750640869 23
1747474595128 0.6642853617668152 24
1747474616691 0.7094118595123291 25
1747474639216 0.6894829869270325 26
1747474666801 0.5643681883811951 27
1747474690084 0.6194292902946472 28
1747474712932 0.6953001618385315 29
1747474734842 0.6882414221763611 30
1747474759049 0.7093848586082458 31
1747474785896 0.710671603679657 32
1747474813033 0.7253351211547852 33
1747474841590 0.7120223045349121 34
1747474868977 0.6596465706825256 35
1747474893521 0.6605380773544312 36
1747474915235 0.7227393984794617 37
1747474936668 0.7271497845649719 38
1747474964015 0.6596000790596008 39
1747474987425 0.704049289226532 40
1747475011895 0.7259975075721741 41
1747475034268 0.6886964440345764 42
1747475057727 0.7179312705993652 43
1747475080605 0.7288539409637451 44
1747475102010 0.7173049449920654 45
1747475123434 0.5440570712089539 46
1747475144354 0.6790909767150879 47
1747475164628 0.5974714756011963 48
1747475184635 0.6840755343437195 49
1747475205895 0.5966677069664001 50
