1747474038303 0.5602219700813293 1
1747474070347 0.5924342274665833 2
1747474098059 0.6122650504112244 3
1747474127590 0.6540428400039673 4
1747474152505 0.6713563799858093 5
1747474180432 0.6756429076194763 6
1747474205598 0.5544819831848145 7
1747474225144 0.5993212461471558 8
1747474247753 0.5750792622566223 9
1747474269825 0.6307579874992371 10
1747474295299 0.6562667489051819 11
1747474320426 0.6188998818397522 12
1747474345692 0.6433218717575073 13
1747474369289 0.6665114760398865 14
1747474395968 0.6033825874328613 15
1747474417531 0.6328856945037842 16
1747474440433 0.7007566094398499 17
1747474459855 0.6639077067375183 18
1747474482963 0.518089771270752 19
1747474506910 0.6565826535224915 20
1747474532909 0.6719649434089661 21
1747474555328 0.6657142043113708 22
1747474575093 0.6453059315681458 23
1747474595128 0.6791470646858215 24
1747474616691 0.7138176560401917 25
1747474639216 0.7077903151512146 26
1747474666801 0.6157383322715759 27
1747474690084 0.6532832980155945 28
1747474712932 0.7060784697532654 29
1747474734842 0.7012269496917725 30
1747474759049 0.7182650566101074 31
1747474785896 0.7338967323303223 32
1747474813033 0.7402294278144836 33
1747474841590 0.73324054479599 34
1747474868977 0.6888371109962463 35
1747474893521 0.6970512866973877 36
1747474915235 0.7384592890739441 37
1747474936668 0.7531311511993408 38
1747474964015 0.7055919766426086 39
1747474987425 0.7356381416320801 40
1747475011895 0.74253910779953 41
1747475034268 0.7177891731262207 42
1747475057727 0.7443634867668152 43
1747475080605 0.7362686991691589 44
1747475102010 0.7411303520202637 45
1747475123434 0.6085758209228516 46
1747475144354 0.7165992856025696 47
1747475164628 0.6654672622680664 48
1747475184635 0.718083918094635 49
1747475205895 0.6429282426834106 50
