1747680918772 0.13814140856266022 1
1747680926363 0.11961527913808823 1
1747680942818 0.21497316658496857 2
1747680963578 0.31073254346847534 3
1747680982432 0.384021520614624 4
1747681003821 0.46135520935058594 5
1747681026158 0.46903544664382935 6
1747681047734 0.5057981610298157 7
1747681067747 0.49629855155944824 8
1747681092462 0.463019460439682 9
1747681115152 0.5013262033462524 10
1747681136547 0.510024905204773 11
1747681157529 0.5499407052993774 12
1747681175639 0.5239982604980469 13
1747681197125 0.5736470818519592 14
1747681218529 0.5621232390403748 15
1747681237560 0.5896538496017456 16
1747681258319 0.6441301107406616 17
1747681277576 0.6259274482727051 18
1747681301980 0.5808722376823425 19
1747681326197 0.657556414604187 20
1747681348247 0.6617751121520996 21
1747681371229 0.6687580347061157 22
1747681395188 0.7374024987220764 23
1747681415900 0.6940955519676208 24
1747681435302 0.7324507236480713 25
1747681453772 0.7802368402481079 26
1747681474398 0.7614328265190125 27
1747681494354 0.7313529849052429 28
1747681514731 0.7931185364723206 29
1747681531630 0.758257269859314 30
1747681552393 0.7809464335441589 31
1747681573322 0.8252209424972534 32
1747681594853 0.835403561592102 33
1747681618714 0.780368447303772 34
1747681634926 0.8375164270401001 35
1747681652636 0.8181339502334595 36
1747681672067 0.8345924615859985 37
1747681690021 0.8321670293807983 38
1747681707366 0.8308506011962891 39
1747681728325 0.8029734492301941 40
1747681746336 0.8322131037712097 41
1747681764932 0.8454689979553223 42
1747681780575 0.850071907043457 43
1747681800817 0.8470922708511353 44
1747681819897 0.8652693033218384 45
1747681841458 0.7889484167098999 46
1747681860493 0.8496408462524414 47
1747681887738 0.8641831278800964 48
1747681906640 0.8773520588874817 49
1747681925890 0.8648993372917175 50
