1747680907421 2.3406906127929688 1
1747680907926 2.255887746810913 2
1747680908352 2.232816696166992 3
1747680908881 2.229020357131958 4
1747680912438 2.139719009399414 5
1747680912833 2.166785955429077 6
1747680913213 2.099271774291992 7
1747680913819 2.0664525032043457 8
1747680916861 2.1548166275024414 9
1747680918691 1.9696825742721558 10
1747680931257 1.935601830482483 11
1747680931659 1.979599118232727 12
1747680934327 1.8995381593704224 13
1747680934739 1.934446096420288 14
1747680935153 2.0337514877319336 15
1747680935733 1.8757169246673584 16
1747680939629 1.8293095827102661 17
1747680940056 1.8101598024368286 18
1747680940464 1.7830899953842163 19
1747680942809 1.7215425968170166 20
1747680951283 1.918487310409546 21
1747680952055 1.71188223361969 22
1747680955596 1.6436293125152588 23
1747680955996 1.6660454273223877 24
1747680958623 1.6869001388549805 25
1747680959029 1.618666648864746 26
1747680959397 1.6382118463516235 27
1747680962819 1.5594024658203125 28
1747680963189 1.9509356021881104 29
1747680963559 1.5511360168457031 30
1747680974576 1.5565400123596191 31
1747680974993 1.5383009910583496 32
1747680975393 1.5015079975128174 33
1747680975921 1.5054118633270264 34
1747680976718 1.4671669006347656 35
1747680977704 1.5296642780303955 36
1747680978457 1.4699807167053223 37
1747680979256 1.7908073663711548 38
1747680980052 1.511338233947754 39
1747680982425 1.8543095588684082 40
1747680991175 1.4307702779769897 41
1747680991962 1.4143633842468262 42
1747680992933 1.356065273284912 43
1747680993904 1.3738842010498047 44
1747680994885 1.3908915519714355 45
1747680995664 1.882935643196106 46
1747680999025 1.4079580307006836 47
1747681001629 1.3641555309295654 48
1747681003428 1.3246675729751587 49
1747681003811 1.3185880184173584 50
1747681012238 1.306609869003296 51
1747681015629 1.2813390493392944 52
1747681018175 1.2664154767990112 53
1747681018569 1.3114967346191406 54
1747681021413 1.6373246908187866 55
1747681021833 1.7307716608047485 56
1747681022235 1.2806587219238281 57
1747681025419 1.2912366390228271 58
1747681025782 1.2419321537017822 59
1747681026150 1.2624831199645996 60
1747681034647 1.5452412366867065 61
1747681035620 1.182072401046753 62
1747681038623 1.2535948753356934 63
1747681039033 1.2023640871047974 64
1747681039423 1.2083210945129395 65
1747681042424 1.221437692642212 66
1747681042830 1.2665780782699585 67
1747681043233 1.2006407976150513 68
1747681045806 1.1997616291046143 69
1747681047726 1.1755527257919312 70
1747681055972 1.3109159469604492 71
1747681056708 1.6381258964538574 72
1747681059950 1.2202728986740112 73
1747681060364 1.3615970611572266 74
1747681060765 1.143416166305542 75
1747681061312 1.1928014755249023 76
1747681062089 1.1478997468948364 77
1747681062859 1.165216088294983 78
1747681065966 1.1679441928863525 79
1747681067737 1.1996139287948608 80
1747681078636 1.2064487934112549 81
1747681079044 1.1219561100006104 82
1747681081772 1.1608638763427734 83
1747681082186 1.0947530269622803 84
1747681085010 1.2401454448699951 85
1747681085428 1.6252622604370117 86
1747681088005 1.1560907363891602 87
1747681090435 1.3146960735321045 88
1747681090824 1.1966619491577148 89
1747681092452 1.5235350131988525 90
1747681103113 1.0994188785552979 91
1747681103494 1.3135287761688232 92
1747681106164 1.126991868019104 93
1747681106573 1.16878342628479 94
1747681106968 1.1082921028137207 95
1747681107550 1.4439018964767456 96
1747681108331 1.0975146293640137 97
1747681111465 1.0594816207885742 98
1747681113337 1.119012713432312 99
1747681115143 1.1564750671386719 100
1747681127446 1.0837229490280151 101
1747681127850 1.1629219055175781 102
1747681130588 1.157735824584961 103
1747681130969 1.0967350006103516 104
1747681131361 1.1251070499420166 105
1747681131946 1.1539515256881714 106
1747681132909 1.100089192390442 107
1747681133704 1.0855722427368164 108
1747681136152 1.555562973022461 109
1747681136539 1.092813491821289 110
1747681145181 1.0909199714660645 111
1747681146198 1.0397967100143433 112
1747681149602 1.042344331741333 113
1747681150033 1.0748209953308105 114
1747681150443 1.0427911281585693 115
1747681153808 1.0858032703399658 116
1747681156182 1.0237445831298828 117
1747681156616 1.101509690284729 118
1747681157022 1.4951307773590088 119
1747681157520 1.0875275135040283 120
1747681166710 1.0735251903533936 121
1747681167718 1.074784278869629 122
1747681168541 1.0395612716674805 123
1747681169338 1.0543572902679443 124
1747681172667 1.1113240718841553 125
1747681173080 1.0322530269622803 126
1747681173504 1.086032509803772 127
1747681174021 1.8025916814804077 128
1747681174884 1.1020352840423584 129
1747681175628 1.0687050819396973 130
1747681184126 1.0468358993530273 131
1747681185043 1.0307472944259644 132
1747681187970 1.0266155004501343 133
1747681190096 1.0037362575531006 134
1747681192715 1.5277583599090576 135
1747681193112 1.0142004489898682 136
1747681193486 0.9947696924209595 137
1747681193890 1.0492722988128662 138
1747681194785 1.0472543239593506 139
1747681197115 1.0622107982635498 140
1747681204839 1.0564308166503906 141
1747681208050 1.0674386024475098 142
1747681210285 1.0751657485961914 143
1747681210686 1.0484949350357056 144
1747681211133 1.3918688297271729 145
1747681213955 0.9893664717674255 146
1747681214361 1.0366002321243286 147
1747681214755 1.0737388134002686 148
1747681216915 0.9976720809936523 149
1747681218521 0.9786449670791626 150
1747681226732 1.0718233585357666 151
1747681227719 1.0324385166168213 152
1747681228724 1.0153210163116455 153
1747681229687 0.9929462671279907 154
1747681230694 0.9747984409332275 155
1747681231494 0.9777252674102783 156
1747681232283 1.021283507347107 157
1747681235560 0.9998392462730408 158
1747681235960 1.3820548057556152 159
1747681237552 0.9277557134628296 160
1747681246112 0.9646873474121094 161
1747681247111 0.9878122806549072 162
1747681248179 0.9589076042175293 163
1747681249150 0.9595847129821777 164
1747681249937 0.9674056768417358 165
1747681253095 0.9967896938323975 166
1747681255556 0.9607705473899841 167
1747681255966 1.0697776079177856 168
1747681257928 1.3227177858352661 169
1747681258310 0.9810410737991333 170
1747681266159 1.1516339778900146 171
1747681266896 1.0023925304412842 172
1747681270120 0.9957764148712158 173
1747681270522 0.9937138557434082 174
1747681270921 1.0082097053527832 175
1747681271292 0.8904333114624023 176
1747681274758 0.9703882932662964 177
1747681275162 0.9895843267440796 178
1747681277193 1.426903247833252 179
1747681277566 0.9845967292785645 180
1747681285620 1.0050458908081055 181
1747681289135 1.012123942375183 182
1747681291376 0.9225635528564453 183
1747681291787 1.4308664798736572 184
1747681294736 1.1071416139602661 185
1747681296982 1.0504794120788574 186
1747681299172 0.9464824795722961 187
1747681301209 0.9813759922981262 188
1747681301598 0.9395343065261841 189
1747681301968 1.3658685684204102 190
1747681312322 1.2496616840362549 191
1747681314563 0.893738329410553 192
1747681316536 0.967939019203186 193
1747681318612 0.9608572125434875 194
1747681320675 0.979346752166748 195
1747681321079 0.952324628829956 196
1747681321461 0.9660307168960571 197
1747681321871 0.962870717048645 198
1747681324517 0.9485846757888794 199
1747681326189 0.9567810297012329 200
1747681334305 0.9158235788345337 201
1747681337459 0.9122432470321655 202
1747681337846 0.9116936922073364 203
1747681340464 1.0632128715515137 204
1747681342622 0.9582736492156982 205
1747681343031 0.945419430732727 206
1747681343445 1.0524760484695435 207
1747681346222 1.246241807937622 208
1747681346620 0.930677592754364 209
1747681348237 0.8616940379142761 210
1747681358504 0.9399423003196716 211
1747681358893 0.9137637615203857 212
1747681361622 0.9566715359687805 213
1747681363607 0.87428879737854 214
1747681365624 1.1978962421417236 215
1747681366029 0.8221099376678467 216
1747681368276 0.918485164642334 217
1747681368687 1.0706852674484253 218
1747681370836 0.9670854806900024 219
1747681371221 1.0458934307098389 220
1747681379397 0.9112963080406189 221
1747681382416 0.8245113492012024 222
1747681384570 0.8679054975509644 223
1747681387038 1.0012402534484863 224
1747681389193 1.152573823928833 225
1747681389593 0.9148964881896973 226
1747681392318 0.9130185842514038 227
1747681394433 0.8354842662811279 228
1747681394816 0.9369406700134277 229
1747681395179 0.929755687713623 230
1747681403590 0.8695733547210693 231
1747681406824 0.8533757925033569 232
1747681407234 1.0539265871047974 233
1747681409546 0.7807753682136536 234
1747681411635 1.024312973022461 235
1747681412040 0.8959888219833374 236
1747681412414 1.3835570812225342 237
1747681415107 1.036264419555664 238
1747681415511 0.8978613615036011 239
1747681415891 0.8483445048332214 240
1747681423916 0.867358922958374 241
1747681424800 0.9284311532974243 242
1747681425560 0.8386481404304504 243
1747681426446 0.8705219030380249 244
1747681429926 0.9996073842048645 245
1747681431980 0.7789418697357178 246
1747681432392 0.920335590839386 247
1747681432790 0.8207592964172363 248
1747681434926 1.164310336112976 249
1747681435293 0.9745315313339233 250
1747681442771 0.9495077729225159 251
1747681445702 1.1651017665863037 252
1747681446129 0.8147221803665161 253
1747681448853 0.8177274465560913 254
1747681449244 0.9360843896865845 255
1747681451843 0.7274858355522156 256
1747681452243 0.8410322666168213 257
1747681452644 0.7902723550796509 258
1747681453019 0.8423757553100586 259
1747681453764 0.8593182563781738 260
1747681461927 0.9052578210830688 261
1747681465277 0.7984218597412109 262
1747681467703 0.7231573462486267 263
1747681468088 0.7587262392044067 264
1747681468488 0.8328394889831543 265
1747681468861 0.7441989183425903 266
1747681471767 1.0160850286483765 267
1747681472180 0.886156439781189 268
1747681474013 0.9860458374023438 269
1747681474390 1.0945603847503662 270
1747681481744 0.8278161287307739 271
1747681482718 0.758504331111908 272
1747681483613 0.8308472633361816 273
1747681484527 0.8069295883178711 274
1747681485447 1.0346643924713135 275
1747681486163 1.194050908088684 276
1747681489074 0.7619826793670654 277
1747681491044 0.8652664422988892 278
1747681492632 0.8810728788375854 279
1747681494344 0.8219301700592041 280
1747681502014 0.7914255857467651 281
1747681505437 0.8201816082000732 282
1747681505858 0.7996336221694946 283
1747681506247 0.7635143995285034 284
1747681509096 0.9151233434677124 285
1747681509512 0.8011216521263123 286
1747681512001 0.6638311147689819 287
1747681512411 0.8010715246200562 288
1747681514332 0.7694073915481567 289
1747681514723 1.0528709888458252 290
1747681522602 0.775591254234314 291
1747681523301 0.7637962698936462 292
1747681524204 0.7677397131919861 293
1747681524917 1.1108295917510986 294
1747681525883 0.846125602722168 295
1747681526812 0.8448969125747681 296
1747681527712 0.9126240611076355 297
1747681530890 0.9319407939910889 298
1747681531251 0.7093148231506348 299
1747681531622 0.7317129373550415 300
1747681541223 0.8012387752532959 301
1747681543089 0.767314612865448 302
1747681543487 0.8254457712173462 303
1747681543884 1.548330545425415 304
1747681544426 0.7101967930793762 305
1747681545217 0.8878521919250488 306
1747681548255 0.7996602058410645 307
1747681548671 0.6704674959182739 308
1747681550500 0.7851477861404419 309
1747681552374 0.7342431545257568 310
1747681560659 0.7469712495803833 311
1747681563769 0.7878823280334473 312
1747681565945 0.7448828220367432 313
1747681566326 0.666722297668457 314
1747681566716 0.792319118976593 315
1747681569440 0.7518362998962402 316
1747681569827 0.7193917036056519 317
1747681572489 1.0358502864837646 318
1747681572939 0.7727739810943604 319
1747681573314 0.7870838642120361 320
1747681581287 0.7269655466079712 321
1747681582182 0.7326921820640564 322
1747681582933 0.7477061748504639 323
1747681583641 0.6455335021018982 324
1747681584391 0.6816478967666626 325
1747681587219 0.7778640389442444 326
1747681589386 0.7691425085067749 327
1747681591617 0.7508313655853271 328
1747681593271 1.0018771886825562 329
1747681594843 0.7124173045158386 330
1747681604784 0.6410791873931885 331
1747681606772 0.8439298868179321 332
1747681609040 0.7735438346862793 333
1747681611198 0.6936365365982056 334
1747681611577 0.8455426692962646 335
1747681613859 0.8083586692810059 336
1747681614275 0.7195257544517517 337
1747681616857 1.3370814323425293 338
1747681617238 0.7594345808029175 339
1747681618706 0.704664945602417 340
1747681626301 0.6996559500694275 341
1747681627269 0.6495539546012878 342
1747681628066 0.7209370136260986 343
1747681629036 0.7629786729812622 344
1747681629814 0.8146367073059082 345
1747681630755 0.6652616262435913 346
1747681633757 0.9890664219856262 347
1747681634161 0.624057412147522 348
1747681634554 0.6986441016197205 349
1747681634915 0.8287758231163025 350
1747681642504 0.7771179676055908 351
1747681643434 0.842712938785553 352
1747681644361 0.7188947200775146 353
1747681645093 0.778060793876648 354
1747681648341 0.689713180065155 355
1747681650543 0.9516401290893555 356
1747681650935 0.6490094661712646 357
1747681651329 0.700533390045166 358
1747681651932 0.6140486001968384 359
1747681652628 0.9000511169433594 360
1747681659898 0.720841646194458 361
1747681662846 0.9394181966781616 362
1747681663235 0.6846675276756287 363
1747681663620 0.8735838532447815 364
1747681664254 0.6763945817947388 365
1747681667499 0.782524585723877 366
1747681669486 0.678038477897644 367
1747681669882 0.7375264167785645 368
1747681670279 0.6341805458068848 369
1747681672059 0.7087019681930542 370
1747681681819 0.7404776811599731 371
1747681682219 0.639747679233551 372
1747681682620 0.6982570886611938 373
1747681682996 0.7031918168067932 374
1747681686031 0.6972461938858032 375
1747681686430 0.6118659377098083 376
1747681686818 0.8285055160522461 377
1747681687341 0.6883268356323242 378
1747681689623 0.9512729048728943 379
1747681690012 0.7463709712028503 380
1747681697581 0.714461088180542 381
1747681700754 0.708972156047821 382
1747681701185 0.7840195894241333 383
1747681701590 0.5989202260971069 384
1747681702016 0.7079389095306396 385
1747681702669 1.0106831789016724 386
1747681703486 0.8597173690795898 387
1747681704310 0.7772423028945923 388
1747681706968 0.6222696304321289 389
1747681707358 0.6138752102851868 390
1747681715263 0.7413182258605957 391
1747681716084 0.6777345538139343 392
1747681716888 0.739872932434082 393
1747681720243 0.7320880889892578 394
1747681722650 0.7524898648262024 395
1747681723069 0.7158125042915344 396
1747681723456 0.7320968508720398 397
1747681726221 0.7638474702835083 398
1747681727940 0.9226984977722168 399
1747681728315 0.8922469019889832 400
1747681736274 0.6511324048042297 401
1747681737042 0.7228237390518188 402
1747681740557 0.9178742170333862 403
1747681740977 0.6790094971656799 404
1747681741353 0.7773062586784363 405
1747681743913 0.6161684989929199 406
1747681744315 0.6741822957992554 407
1747681744697 0.9286172986030579 408
1747681745332 0.6519692540168762 409
1747681746328 0.679087221622467 410
1747681753997 0.6673275828361511 411
1747681754796 0.69462651014328 412
1747681755588 0.6796011924743652 413
1747681756380 0.6139503717422485 414
1747681759429 0.7540464401245117 415
1747681759840 0.6715268492698669 416
1747681762312 0.7174343466758728 417
1747681762710 1.034178614616394 418
1747681764548 0.5843931436538696 419
1747681764924 0.6753768920898438 420
1747681772629 0.5825573205947876 421
1747681773610 0.6988381147384644 422
1747681774553 0.6559774875640869 423
1747681775560 0.6371554136276245 424
1747681776514 0.7264742851257324 425
1747681777284 0.6159599423408508 426
1747681778054 0.6447019577026367 427
1747681778814 0.8778979182243347 428
1747681779612 0.8146213889122009 429
1747681780567 0.7413145303726196 430
1747681788300 0.5934867858886719 431
1747681791802 0.6665359735488892 432
1747681792200 0.7815536260604858 433
1747681792588 0.6150166988372803 434
1747681795035 0.8908466100692749 435
1747681795441 0.6692307591438293 436
1747681795837 0.6031786799430847 437
1747681798624 0.7355435490608215 438
1747681799012 0.7007198333740234 439
1747681800804 0.6658471822738647 440
1747681808381 0.6236398816108704 441
1747681809155 0.6008128523826599 442
1747681810135 0.6455909013748169 443
1747681813410 0.608023464679718 444
1747681813808 0.6979817748069763 445
1747681814174 0.996132493019104 446
1747681817011 0.6940502524375916 447
1747681819127 0.6887637972831726 448
1747681819509 0.5960503816604614 449
1747681819886 0.6810272336006165 450
1747681827269 0.6362935304641724 451
1747681828051 1.1810277700424194 452
1747681828996 0.6950168609619141 453
1747681829920 0.938228964805603 454
1747681833007 0.9246095418930054 455
1747681835046 0.5876596570014954 456
1747681837533 0.7109529376029968 457
1747681839481 0.5722057819366455 458
1747681841071 0.6459231972694397 459
1747681841450 0.8733205795288086 460
1747681850950 0.8898919820785522 461
1747681851334 0.6668962240219116 462
1747681851750 0.6119153499603271 463
1747681854388 0.7044101357460022 464
1747681854810 0.7936708927154541 465
1747681855196 0.6194750070571899 466
1747681855634 0.7524951100349426 467
1747681858578 0.5997639894485474 468
1747681858946 0.6404028534889221 469
1747681860483 0.6577337980270386 470
1747681870703 0.5922527313232422 471
1747681872704 0.6351976990699768 472
1747681874897 0.6861902475357056 473
1747681877491 0.683088481426239 474
1747681879503 0.6903746128082275 475
1747681881610 0.5891581773757935 476
1747681883722 0.9535751938819885 477
1747681885823 0.5791762471199036 478
1747681887350 0.6500419974327087 479
1747681887731 0.6263189315795898 480
1747681895278 0.6757104992866516 481
1747681896043 0.6527227163314819 482
1747681896962 0.5822503566741943 483
1747681899870 0.6741576194763184 484
1747681900274 0.845996081829071 485
1747681900691 0.659234881401062 486
1747681901271 0.6153411865234375 487
1747681904702 0.5684049129486084 488
1747681905072 0.5842922925949097 489
1747681906633 0.7359379529953003 490
1747681914666 0.5625560879707336 491
1747681917998 0.6432793736457825 492
1747681918385 0.5573488473892212 493
1747681918766 0.7183090448379517 494
1747681919203 0.5696642398834229 495
1747681922599 0.7046709656715393 496
1747681924684 0.6009628772735596 497
1747681925097 0.6658668518066406 498
1747681925511 0.6974496841430664 499
1747681925879 0.8483476638793945 500
