1747680907429 0.0001 1
1747680907928 0.0001 2
1747680908356 0.0001 3
1747680908884 0.0001 4
1747680912440 0.0001 5
1747680912835 0.0001 6
1747680913215 0.0001 7
1747680913821 0.0001 8
1747680916863 0.0001 9
1747680918693 0.0001 10
1747680931268 0.0001 11
1747680931661 0.0001 12
1747680934328 0.0001 13
1747680934743 0.0001 14
1747680935154 0.0001 15
1747680935736 0.0001 16
1747680939631 0.0001 17
1747680940058 0.0001 18
1747680940465 0.0001 19
1747680942810 0.0001 20
1747680951294 0.0001 21
1747680952059 0.0001 22
1747680955597 0.0001 23
1747680955999 0.0001 24
1747680958624 0.0001 25
1747680959030 0.0001 26
1747680959400 0.0001 27
1747680962820 0.0001 28
1747680963190 0.0001 29
1747680963560 0.0001 30
1747680974578 0.0001 31
1747680974995 0.0001 32
1747680975395 0.0001 33
1747680975924 0.0001 34
1747680976721 0.0001 35
1747680977706 0.0001 36
1747680978459 0.0001 37
1747680979258 0.0001 38
1747680980054 0.0001 39
1747680982426 0.0001 40
1747680991176 0.0001 41
1747680991964 0.0001 42
1747680992935 0.0001 43
1747680993906 0.0001 44
1747680994888 0.0001 45
1747680995666 0.0001 46
1747680999027 0.0001 47
1747681001631 0.0001 48
1747681003431 0.0001 49
1747681003812 0.0001 50
1747681012241 0.0001 51
1747681015630 0.0001 52
1747681018176 0.0001 53
1747681018571 0.0001 54
1747681021415 0.0001 55
1747681021836 0.0001 56
1747681022237 0.0001 57
1747681025422 0.0001 58
1747681025784 0.0001 59
1747681026151 0.0001 60
1747681034650 0.0001 61
1747681035621 0.0001 62
1747681038626 0.0001 63
1747681039036 0.0001 64
1747681039425 0.0001 65
1747681042425 0.0001 66
1747681042832 0.0001 67
1747681043235 0.0001 68
1747681045807 0.0001 69
1747681047728 0.0001 70
1747681055975 0.0001 71
1747681056712 0.0001 72
1747681059953 0.0001 73
1747681060366 0.0001 74
1747681060768 0.0001 75
1747681061314 0.0001 76
1747681062092 0.0001 77
1747681062862 0.0001 78
1747681065967 0.0001 79
1747681067739 0.0001 80
1747681078638 0.0001 81
1747681079046 0.0001 82
1747681081773 0.0001 83
1747681082188 0.0001 84
1747681085012 0.0001 85
1747681085431 0.0001 86
1747681088007 0.0001 87
1747681090437 0.0001 88
1747681090825 0.0001 89
1747681092455 0.0001 90
1747681103116 0.0001 91
1747681103496 0.0001 92
1747681106166 0.0001 93
1747681106575 0.0001 94
1747681106971 0.0001 95
1747681107553 0.0001 96
1747681108335 0.0001 97
1747681111466 0.0001 98
1747681113339 0.0001 99
1747681115145 0.0001 100
1747681127447 0.0001 101
1747681127852 0.0001 102
1747681130589 0.0001 103
1747681130971 0.0001 104
1747681131364 0.0001 105
1747681131950 0.0001 106
1747681132911 0.0001 107
1747681133707 0.0001 108
1747681136154 0.0001 109
1747681136541 0.0001 110
1747681145184 0.0001 111
1747681146210 0.0001 112
1747681149604 0.0001 113
1747681150036 0.0001 114
1747681150445 0.0001 115
1747681153809 0.0001 116
1747681156183 0.0001 117
1747681156619 0.0001 118
1747681157024 0.0001 119
1747681157521 0.0001 120
1747681166712 0.0001 121
1747681167722 0.0001 122
1747681168544 0.0001 123
1747681169341 0.0001 124
1747681172669 0.0001 125
1747681173082 0.0001 126
1747681173507 0.0001 127
1747681174023 0.0001 128
1747681174891 0.0001 129
1747681175630 0.0001 130
1747681184129 0.0001 131
1747681185048 0.0001 132
1747681187971 0.0001 133
1747681190098 0.0001 134
1747681192717 0.0001 135
1747681193114 0.0001 136
1747681193488 0.0001 137
1747681193893 0.0001 138
1747681194786 0.0001 139
1747681197118 0.0001 140
1747681204842 0.0001 141
1747681208052 0.0001 142
1747681210287 0.0001 143
1747681210689 0.0001 144
1747681211135 0.0001 145
1747681213957 0.0001 146
1747681214364 0.0001 147
1747681214757 0.0001 148
1747681216916 0.0001 149
1747681218523 0.0001 150
1747681226734 0.0001 151
1747681227722 0.0001 152
1747681228726 0.0001 153
1747681229689 0.0001 154
1747681230696 0.0001 155
1747681231497 0.0001 156
1747681232285 0.0001 157
1747681235562 0.0001 158
1747681235961 0.0001 159
1747681237554 0.0001 160
1747681246115 0.0001 161
1747681247113 0.0001 162
1747681248182 0.0001 163
1747681249153 0.0001 164
1747681249939 0.0001 165
1747681253096 0.0001 166
1747681255558 0.0001 167
1747681255970 0.0001 168
1747681257930 0.0001 169
1747681258313 0.0001 170
1747681266162 0.0001 171
1747681266898 0.0001 172
1747681270122 0.0001 173
1747681270525 0.0001 174
1747681270923 0.0001 175
1747681271295 0.0001 176
1747681274760 0.0001 177
1747681275165 0.0001 178
1747681277194 0.0001 179
1747681277568 0.0001 180
1747681285622 0.0001 181
1747681289137 0.0001 182
1747681291378 0.0001 183
1747681291789 0.0001 184
1747681294738 0.0001 185
1747681296983 0.0001 186
1747681299173 0.0001 187
1747681301211 0.0001 188
1747681301599 0.0001 189
1747681301970 0.0001 190
1747681312324 0.0001 191
1747681314565 0.0001 192
1747681316538 0.0001 193
1747681318614 0.0001 194
1747681320677 0.0001 195
1747681321082 0.0001 196
1747681321464 0.0001 197
1747681321873 0.0001 198
1747681324520 0.0001 199
1747681326191 0.0001 200
1747681334307 0.0001 201
1747681337460 0.0001 202
1747681337850 0.0001 203
1747681340465 0.0001 204
1747681342624 0.0001 205
1747681343033 0.0001 206
1747681343447 0.0001 207
1747681346224 0.0001 208
1747681346623 0.0001 209
1747681348239 0.0001 210
1747681358506 0.0001 211
1747681358895 0.0001 212
1747681361624 0.0001 213
1747681363608 0.0001 214
1747681365625 0.0001 215
1747681366031 0.0001 216
1747681368278 0.0001 217
1747681368690 0.0001 218
1747681370837 0.0001 219
1747681371222 0.0001 220
1747681379400 0.0001 221
1747681382418 0.0001 222
1747681384571 0.0001 223
1747681387040 0.0001 224
1747681389194 0.0001 225
1747681389597 0.0001 226
1747681392319 0.0001 227
1747681394434 0.0001 228
1747681394818 0.0001 229
1747681395181 0.0001 230
1747681403592 0.0001 231
1747681406827 0.0001 232
1747681407236 0.0001 233
1747681409547 0.0001 234
1747681411637 0.0001 235
1747681412041 0.0001 236
1747681412416 0.0001 237
1747681415110 0.0001 238
1747681415512 0.0001 239
1747681415893 0.0001 240
1747681423918 0.0001 241
1747681424802 0.0001 242
1747681425563 0.0001 243
1747681426450 0.0001 244
1747681429927 0.0001 245
1747681431981 0.0001 246
1747681432395 0.0001 247
1747681432794 0.0001 248
1747681434927 0.0001 249
1747681435295 0.0001 250
1747681442773 0.0001 251
1747681445703 0.0001 252
1747681446130 0.0001 253
1747681448855 0.0001 254
1747681449252 0.0001 255
1747681451845 0.0001 256
1747681452246 0.0001 257
1747681452646 0.0001 258
1747681453026 0.0001 259
1747681453766 0.0001 260
1747681461929 0.0001 261
1747681465278 0.0001 262
1747681467705 0.0001 263
1747681468091 0.0001 264
1747681468489 0.0001 265
1747681468862 0.0001 266
1747681471770 0.0001 267
1747681472184 0.0001 268
1747681474016 0.0001 269
1747681474392 0.0001 270
1747681481746 0.0001 271
1747681482721 0.0001 272
1747681483615 0.0001 273
1747681484530 0.0001 274
1747681485449 0.0001 275
1747681486165 0.0001 276
1747681489077 0.0001 277
1747681491046 0.0001 278
1747681492634 0.0001 279
1747681494346 0.0001 280
1747681502016 0.0001 281
1747681505439 0.0001 282
1747681505860 0.0001 283
1747681506250 0.0001 284
1747681509098 0.0001 285
1747681509514 0.0001 286
1747681512003 0.0001 287
1747681512414 0.0001 288
1747681514334 0.0001 289
1747681514725 0.0001 290
1747681522604 0.0001 291
1747681523303 0.0001 292
1747681524211 0.0001 293
1747681524919 0.0001 294
1747681525884 0.0001 295
1747681526813 0.0001 296
1747681527714 0.0001 297
1747681530892 0.0001 298
1747681531252 0.0001 299
1747681531625 0.0001 300
1747681541224 0.0001 301
1747681543092 0.0001 302
1747681543491 0.0001 303
1747681543886 0.0001 304
1747681544430 0.0001 305
1747681545221 0.0001 306
1747681548257 0.0001 307
1747681548673 0.0001 308
1747681550501 0.0001 309
1747681552378 0.0001 310
1747681560662 0.0001 311
1747681563770 0.0001 312
1747681565946 0.0001 313
1747681566328 0.0001 314
1747681566718 0.0001 315
1747681569442 0.0001 316
1747681569829 0.0001 317
1747681572491 0.0001 318
1747681572941 0.0001 319
1747681573316 0.0001 320
1747681581291 0.0001 321
1747681582183 0.0001 322
1747681582936 0.0001 323
1747681583643 0.0001 324
1747681584393 0.0001 325
1747681587221 0.0001 326
1747681589388 0.0001 327
1747681591618 0.0001 328
1747681593272 0.0001 329
1747681594845 0.0001 330
1747681604787 0.0001 331
1747681606774 0.0001 332
1747681609043 0.0001 333
1747681611200 0.0001 334
1747681611579 0.0001 335
1747681613861 0.0001 336
1747681614278 0.0001 337
1747681616858 0.0001 338
1747681617239 0.0001 339
1747681618707 0.0001 340
1747681626306 0.0001 341
1747681627271 0.0001 342
1747681628069 0.0001 343
1747681629038 0.0001 344
1747681629817 0.0001 345
1747681630757 0.0001 346
1747681633758 0.0001 347
1747681634163 0.0001 348
1747681634555 0.0001 349
1747681634917 0.0001 350
1747681642506 0.0001 351
1747681643437 0.0001 352
1747681644364 0.0001 353
1747681645094 0.0001 354
1747681648343 0.0001 355
1747681650544 0.0001 356
1747681650936 0.0001 357
1747681651331 0.0001 358
1747681651934 0.0001 359
1747681652629 0.0001 360
1747681659901 0.0001 361
1747681662847 0.0001 362
1747681663237 0.0001 363
1747681663622 0.0001 364
1747681664256 0.0001 365
1747681667500 0.0001 366
1747681669488 0.0001 367
1747681669886 0.0001 368
1747681670281 0.0001 369
1747681672060 0.0001 370
1747681681821 0.0001 371
1747681682220 0.0001 372
1747681682622 0.0001 373
1747681682998 0.0001 374
1747681686032 0.0001 375
1747681686432 0.0001 376
1747681686819 0.0001 377
1747681687343 0.0001 378
1747681689624 0.0001 379
1747681690013 0.0001 380
1747681697583 0.0001 381
1747681700755 0.0001 382
1747681701190 0.0001 383
1747681701592 0.0001 384
1747681702018 0.0001 385
1747681702670 0.0001 386
1747681703489 0.0001 387
1747681704312 0.0001 388
1747681706971 0.0001 389
1747681707360 0.0001 390
1747681715267 0.0001 391
1747681716086 0.0001 392
1747681716892 0.0001 393
1747681720245 0.0001 394
1747681722653 0.0001 395
1747681723071 0.0001 396
1747681723459 0.0001 397
1747681726223 0.0001 398
1747681727941 0.0001 399
1747681728318 0.0001 400
1747681736277 0.0001 401
1747681737045 0.0001 402
1747681740561 0.0001 403
1747681740981 0.0001 404
1747681741356 0.0001 405
1747681743915 0.0001 406
1747681744318 0.0001 407
1747681744699 0.0001 408
1747681745339 0.0001 409
1747681746330 0.0001 410
1747681753999 0.0001 411
1747681754798 0.0001 412
1747681755591 0.0001 413
1747681756383 0.0001 414
1747681759431 0.0001 415
1747681759842 0.0001 416
1747681762313 0.0001 417
1747681762712 0.0001 418
1747681764550 0.0001 419
1747681764925 0.0001 420
1747681772631 0.0001 421
1747681773612 0.0001 422
1747681774554 0.0001 423
1747681775561 0.0001 424
1747681776516 0.0001 425
1747681777287 0.0001 426
1747681778056 0.0001 427
1747681778818 0.0001 428
1747681779616 0.0001 429
1747681780569 0.0001 430
1747681788303 0.0001 431
1747681791803 0.0001 432
1747681792202 0.0001 433
1747681792590 0.0001 434
1747681795037 0.0001 435
1747681795444 0.0001 436
1747681795841 0.0001 437
1747681798627 0.0001 438
1747681799013 0.0001 439
1747681800806 0.0001 440
1747681808383 0.0001 441
1747681809158 0.0001 442
1747681810137 0.0001 443
1747681813412 0.0001 444
1747681813810 0.0001 445
1747681814178 0.0001 446
1747681817014 0.0001 447
1747681819128 0.0001 448
1747681819510 0.0001 449
1747681819888 0.0001 450
1747681827271 0.0001 451
1747681828053 0.0001 452
1747681828998 0.0001 453
1747681829922 0.0001 454
1747681833008 0.0001 455
1747681835048 0.0001 456
1747681837536 0.0001 457
1747681839482 0.0001 458
1747681841073 0.0001 459
1747681841451 0.0001 460
1747681850952 0.0001 461
1747681851337 0.0001 462
1747681851752 0.0001 463
1747681854390 0.0001 464
1747681854811 0.0001 465
1747681855198 0.0001 466
1747681855637 0.0001 467
1747681858579 0.0001 468
1747681858947 0.0001 469
1747681860485 0.0001 470
1747681870706 0.0001 471
1747681872706 0.0001 472
1747681874899 0.0001 473
1747681877493 0.0001 474
1747681879506 0.0001 475
1747681881611 0.0001 476
1747681883723 0.0001 477
1747681885826 0.0001 478
1747681887351 0.0001 479
1747681887733 0.0001 480
1747681895281 0.0001 481
1747681896046 0.0001 482
1747681896965 0.0001 483
1747681899872 0.0001 484
1747681900276 0.0001 485
1747681900694 0.0001 486
1747681901272 0.0001 487
1747681904703 0.0001 488
1747681905073 0.0001 489
1747681906634 0.0001 490
1747681914670 0.0001 491
1747681918000 0.0001 492
1747681918386 0.0001 493
1747681918768 0.0001 494
1747681919206 0.0001 495
1747681922601 0.0001 496
1747681924685 0.0001 497
1747681925099 0.0001 498
1747681925513 0.0001 499
1747681925881 0.0001 500
