1747680918772 0.001956747844815254 1
1747680926363 0.001028320286422968 1
1747680942818 0.0018107362557202578 2
1747680963578 0.0026657870039343834 3
1747680982432 0.0024430262856185436 4
1747681003821 0.002952898619696498 5
1747681026158 0.004815532825887203 6
1747681047734 0.00471092015504837 7
1747681067747 0.01185229979455471 8
1747681092462 0.010383637621998787 9
1747681115152 0.028407329693436623 10
1747681136547 0.01442909799516201 11
1747681157529 0.027181440964341164 12
1747681175639 0.005342173855751753 13
1747681197125 0.02009035460650921 14
1747681218529 0.027367448434233665 15
1747681237560 0.011362707242369652 16
1747681258319 0.022549936547875404 17
1747681277576 0.014318646863102913 18
1747681301980 0.016962384805083275 19
1747681326197 0.040364477783441544 20
1747681348247 0.004412361886352301 21
1747681371229 0.026281673461198807 22
1747681395188 0.075742207467556 23
1747681415900 0.0020261951722204685 24
1747681435302 0.06653286516666412 25
1747681453772 0.02914685383439064 26
1747681474398 0.03507610410451889 27
1747681494354 0.031923558562994 28
1747681514731 0.07948782294988632 29
1747681531630 0.0010404267814010382 30
1747681552393 0.07712255418300629 31
1747681573322 0.045375172048807144 32
1747681594853 0.08633476495742798 33
1747681618714 0.14943638443946838 34
1747681634926 0.0037373011000454426 35
1747681652636 0.0 36
1747681672067 0.10483811795711517 37
1747681690021 0.04227634146809578 38
1747681707366 0.05062263086438179 39
1747681728325 0.0 40
1747681746336 0.05714286118745804 41
1747681764932 0.10572825372219086 42
1747681780575 0.0 43
1747681800817 0.08872359991073608 44
1747681819897 5.6449334806529805e-05 45
1747681841458 0.052964918315410614 46
1747681860493 0.029895436018705368 47
1747681887738 0.0930936187505722 48
1747681906640 0.036768801510334015 49
1747681925890 0.0 50
