1747680918772 0.05398217588663101 1
1747680926363 0.08188281208276749 1
1747680942818 0.1357564479112625 2
1747680963578 0.13909535109996796 3
1747680982432 0.15862253308296204 4
1747681003821 0.20428971946239471 5
1747681026158 0.2498149424791336 6
1747681047734 0.28980153799057007 7
1747681067747 0.2987235188484192 8
1747681092462 0.2923625111579895 9
1747681115152 0.3260631263256073 10
1747681136547 0.33448082208633423 11
1747681157529 0.40319013595581055 12
1747681175639 0.3738402724266052 13
1747681197125 0.4141700267791748 14
1747681218529 0.4631184935569763 15
1747681237560 0.4950549006462097 16
1747681258319 0.5323273539543152 17
1747681277576 0.4722346365451813 18
1747681301980 0.45855799317359924 19
1747681326197 0.5339096188545227 20
1747681348247 0.5396991968154907 21
1747681371229 0.5363584756851196 22
1747681395188 0.5852216482162476 23
1747681415900 0.5712903738021851 24
1747681435302 0.6504656672477722 25
1747681453772 0.7190512418746948 26
1747681474398 0.6854177117347717 27
1747681494354 0.6831164360046387 28
1747681514731 0.7772600650787354 29
1747681531630 0.7302581071853638 30
1747681552393 0.7273762226104736 31
1747681573322 0.7835397124290466 32
1747681594853 0.827667236328125 33
1747681618714 0.7441080212593079 34
1747681634926 0.817905604839325 35
1747681652636 0.7797006964683533 36
1747681672067 0.8154016733169556 37
1747681690021 0.8154298663139343 38
1747681707366 0.8103143572807312 39
1747681728325 0.7837023138999939 40
1747681746336 0.7922300100326538 41
1747681764932 0.8000003099441528 42
1747681780575 0.8418444395065308 43
1747681800817 0.8365558385848999 44
1747681819897 0.823453426361084 45
1747681841458 0.6639601588249207 46
1747681860493 0.8132430911064148 47
1747681887738 0.8411019444465637 48
1747681906640 0.8611266016960144 49
1747681925890 0.8481197357177734 50
