1747680918772 0.06469343602657318 1
1747680942818 0.11751345545053482 2
1747680963578 0.1508312225341797 3
1747680982432 0.18169569969177246 4
1747681003821 0.22286593914031982 5
1747681026158 0.24122199416160583 6
1747681047734 0.26677021384239197 7
1747681067747 0.2689581513404846 8
1747681092462 0.25525519251823425 9
1747681115152 0.2852655351161957 10
1747681136547 0.28631162643432617 11
1747681157529 0.3267707824707031 12
1747681175639 0.3010602593421936 13
1747681197125 0.33596915006637573 14
1747681218529 0.35086971521377563 15
1747681237560 0.3653571605682373 16
1747681258319 0.39966917037963867 17
1747681277576 0.3708269000053406 18
1747681301980 0.3521308898925781 19
1747681326197 0.4106101393699646 20
1747681348247 0.4019622206687927 21
1747681371229 0.4104660153388977 22
1747681395188 0.4661221504211426 23
1747681415900 0.42247071862220764 24
1747681435302 0.4831497073173523 25
1747681453772 0.5094783902168274 26
1747681474398 0.49397554993629456 27
1747681494354 0.4821309447288513 28
1747681514731 0.5499554872512817 29
1747681531630 0.496518611907959 30
1747681552393 0.5284817218780518 31
1747681573322 0.551378607749939 32
1747681594853 0.583135187625885 33
1747681618714 0.5579709410667419 34
1747681634926 0.553053081035614 35
1747681652636 0.5326115489006042 36
1747681672067 0.5849441289901733 37
1747681690021 0.5632911324501038 38
1747681707366 0.5639292001724243 39
1747681728325 0.528891921043396 40
1747681746336 0.5605286359786987 41
1747681764932 0.5837324857711792 42
1747681780575 0.5639721155166626 43
1747681800817 0.5907906293869019 44
1747681819897 0.5629264116287231 45
1747681841458 0.5019578337669373 46
1747681860493 0.5642598271369934 47
1747681887738 0.5994595885276794 48
1747681906640 0.5917491316795349 49
1747681925890 0.5710064172744751 50
